26	1
192
1	126
2	114
3	116
4	77
5	80
6	124
3	34
7	112
8	110
4	10
6	108
6	77
7	145
6	126
7	110
4	124
7	108
9	113
10	110
6	107
8	102
10	109
6	110
10	117
11	94
10	102
7	102
1	108
3	110
12	111
10	101
10	113
10	109
13	122
10	129
12	102
7	114
6	110
3	64
6	102
7	126
13	63
4	92
14	64
4	112
6	110
10	101
15	63
14	85
7	122
1	109
13	114
13	33
9	109
16	103
16	110
6	110
10	44
11	84
4	85
4	118
7	152
3	122
12	25
10	111
6	110
6	148
6	110
6	106
4	98
6	130
17	153
8	91
12	105
10	126
7	110
6	114
7	121
12	117
6	106
10	102
4	110
6	109
6	92
4	124
12	110
6	110
10	110
7	117
12	110
6	110
13	110
12	118
6	110
4	128
6	174
6	110
4	118
2	105
18	75
4	111
6	45
10	98
7	118
1	111
1	105
3	112
5	176
10	109
11	126
5	105
7	137
2	126
10	110
6	112
10	119
1	112
6	69
6	109
7	3
3	105
16	102
19	118
2	98
3	121
10	126
1	75
14	64
14	60
10	80
7	109
1	126
1	103
10	126
7	118
4	102
4	110
6	122
7	110
13	77
4	110
6	96
6	110
7	112
7	105
3	101
12	187
12	107
6	101
6	110
7	112
7	16
1	104
1	106
12	122
7	130
4	110
4	110
1	74
6	114
6	110
10	110
7	98
7	110
1	110
16	98
7	117
1	113
12	58
16	123
6	110
10	25
10	144
15	64
16	170
6	124
13	81
1	110
6	114
4	110
7	73
6	187
10	104
10	108
10	12
6	117
7	116
12	109
12	109
5	110
7	110
10	124
7	84
10	157
7	111
20	106
10	110
2	101
5	130
6	114
14	29
4	94
7	106
16	140
7	109
13	69
6	102
6	98
5	73
6	122
4	83
7	102
10	110
7	98
1	102
7	105
4	110
7	32
16	111
10	106
7	110
6	118
10	75
4	110
8	109
20	105
6	108
20	118
7	74
7	19
7	113
3	141
6	74
10	110
10	100
4	98
1	109
21	108
1	102
7	14
13	89
7	65
7	102
10	128
10	109
12	77
4	110
7	100
3	105
2	122
22	112
10	122
1	126
10	124
7	105
4	18
3	37
6	105
7	111
7	105
10	110
7	117
16	109
1	126
6	102
16	112
20	115
6	110
4	113
1	106
20	110
10	110
16	57
6	111
10	110
7	115
13	109
23	122
6	70
10	110
6	110
10	128
4	14
17	106
6	110
4	123
12	110
3	110
6	109
14	83
12	110
6	101
12	32
12	108
13	12
4	110
6	113
7	107
7	105
7	101
7	109
13	106
12	105
4	97
3	178
6	126
6	89
6	109
7	117
6	109
8	86
1	118
7	105
12	104
4	125
14	57
7	85
4	118
6	123
7	110
6	106
10	70
12	120
7	118
7	126
4	60
3	126
16	124
6	126
11	110
10	114
21	77
15	29
7	126
6	106
10	75
10	100
10	110
4	110
3	41
7	106
4	102
4	81
5	63
7	111
1	78
6	58
12	108
6	113
7	112
13	85
2	78
10	102
7	114
7	110
3	123
16	109
4	118
4	109
13	108
7	116
16	118
6	89
12	122
6	109
10	108
7	110
4	124
1	102
16	124
7	11
4	149
13	60
12	126
10	126
6	114
6	114
7	122
6	126
12	98
10	114
6	105
1	110
13	21
6	114
10	126
6	15
4	108
15	96
15	60
15	60
5	76
4	110
10	110
7	108
8	93
6	78
15	90
6	110
10	24
6	77
7	126
7	118
6	110
12	110
6	113
3	174
1	126
10	101
21	110
4	106
6	116
7	7
12	108
8	110
1	118
7	117
10	132
10	113
12	112
10	96
24	79
13	105
21	104
19	90
8	112
16	110
6	102
6	85
4	126
7	93
7	114
22	109
10	102
12	126
4	30
16	126
6	139
6	120
9	92
12	110
7	112
4	106
10	106
6	46
25	58
21	121
10	110
7	110
6	93
4	41
7	110
13	96
8	92
6	118
2	110
6	102
10	109
10	122
10	108
10	118
16	110
7	110
3	110
7	122
6	110
10	110
16	175
10	102
6	105
10	122
7	109
7	105
4	82
4	84
12	174
6	107
6	127
6	108
7	118
7	112
7	146
1	106
13	185
5	166
10	118
15	64
7	102
7	98
7	4
7	110
12	129
6	109
6	111
10	98
1	109
1	112
6	105
7	107
4	102
3	135
10	106
26	92
23	92
7	14
6	101
6	108
6	110
7	106
1	110
6	90
7	10
6	110
7	110
3	126
1	110
7	112
16	126
4	105
6	102
10	107
10	127
12	102
7	110
8	110
10	102
1	110
13	95
7	114
4	110
6	113
24	28
10	110
6	108
1	114
6	64
6	64
4	105
6	12
10	109
10	109
10	146
4	123
7	122
7	102
3	96
12	134
6	108
10	114
16	118
7	109
10	118
6	120
7	105
4	109
1	122
2	109
10	118
6	63
13	102
7	118
8	122
22	110
6	110
10	182
6	104
10	125
4	98
6	70
7	114
10	123
3	109
4	112
4	55
1	98
3	122
6	108
1	116
7	102
6	126
7	108
13	110
10	110
1	110
1	105
6	112
10	114
10	118
10	110
6	16
6	74
6	150
6	117
7	110
6	108
7	113
6	106
6	106
10	109
10	125
7	182
1	44
7	98
6	110
10	110
6	100
7	109
1	110
6	101
10	110
7	127
7	107
6	107
16	105
10	22
6	121
6	110
14	44
7	78
7	112
1	101
16	70
6	109
7	113
7	110
7	109
7	121
7	102
1	108
1	110
12	126
6	112
10	118
10	118
11	64
15	64
15	32
7	110
7	73
1	100
1	106
16	146
6	112
6	58
6	64
6	90
6	58
10	118
10	75
7	84
7	76
3	112
6	60
7	102
10	110
13	95
6	102
4	126
1	106
25	92
7	79
7	98
6	57
6	102
7	93
7	118
6	130
6	64
10	164
10	124
7	122
6	92
7	108
6	110
6	57
6	57
6	110
21	110
25	95
13	97
5	110
10	124
9	126
12	79
6	110
8	106
7	109
4	15
16	78
7	109
1	109
2	106
15	89
14	92
10	112
12	110
10	102
12	110
6	174
16	78
6	110
11	158
20	114
6	102
7	130
10	110
10	146
1	110
6	105
10	122
13	64
10	102
16	114
10	110
15	64
8	140
20	126
1	111
6	109
6	111
10	124
10	174
7	78
7	106
10	108
1	110
3	63
10	108
3	134
3	110
6	126
7	122
7	114
1	154
6	121
10	121
8	110
6	106
19	109
6	57
13	116
12	110
7	85
7	109
6	102
10	108
9	16
13	110
13	78
7	110
5	169
10	112
12	110
6	64
25	89
7	110
7	108
7	102
7	112
1	102
16	58
15	63
20	89
10	110
6	110
7	110
6	116
16	108
6	124
10	174
7	110
10	114
7	83
7	85
14	23
7	78
3	126
1	152
12	97
6	110
4	118
4	102
10	110
4	108
1	110
3	114
2	106
6	118
1	101
6	114
7	110
1	101
6	109
10	152
4	11
6	108
6	110
7	107
4	125
1	102
3	128
3	2
12	109
16	125
2	109
20	105
5	124
6	118
21	122
10	122
11	126
23	74
12	84
14	64
12	118
4	109
6	179
5	110
4	173
16	110
10	110
7	102
2	100
21	108
4	65
9	38
6	108
2	104
6	114
1	110
13	152
3	157
7	110
14	39
20	64
7	110
13	126
9	110
3	80
18	64
1	126
10	110
12	75
15	59
7	79
1	126
1	112
15	18
22	128
13	96
5	109
6	110
10	110
6	106
10	112
4	128
6	109
7	65
8	130
16	106
6	110
10	113
7	110
7	76
4	141
7	75
12	118
7	108
6	78
25	90
15	64
3	112
10	106
7	126
12	109
16	105
18	51
7	92
10	108
7	69
6	100
8	92
6	61
6	91
6	114
10	108
18	80
1	112
2	110
6	110
9	124
10	109
7	46
7	108
10	110
6	122
7	74
1	110
6	106
7	126
7	118
12	122
5	110
6	126
22	126
7	110
7	85
4	110
6	64
7	73
12	114
20	122
6	126
10	114
10	110
4	110
7	105
1	110
1	108
1	15
1	126
6	100
24	58
7	77
6	122
6	71
7	102
6	110
24	94
23	24
16	126
6	110
4	108
16	117
10	27
12	110
2	112
19	54
6	105
6	138
6	110
7	77
6	124
4	126
7	114
10	110
3	114
10	124
10	110
25	95
10	116
6	114
6	90
6	110
6	110
7	118
16	110
6	126
26	92
1	105
6	130
6	89
10	106
20	97
1	110
6	121
6	109
6	61
5	106
13	57
3	118
1	107
13	126
6	119
6	130
22	110
4	97
16	113
1	172
3	109
16	110
2	176
1	124
10	117
7	112
3	118
10	98
10	112
12	110
13	70
3	20
3	102
6	110
6	126
7	173
4	110
9	58
8	111
4	174
7	102
4	98
9	154
6	122
6	110
7	118
1	102
10	111
6	93
1	174
12	2
6	108
16	96
6	108
7	17
7	76
4	111
13	105
6	109
6	109
10	124
7	109
3	112
10	173
6	124
4	126
16	105
9	57
7	104
1	110
6	81
6	110
1	108
3	108
12	126
6	106
12	122
6	113
7	77
17	70
2	118
20	110
6	110
1	144
12	122
4	74
7	138
16	110
6	65
7	11
10	104
8	149
6	102
7	125
7	112
9	26
6	63
10	114
13	18
3	126
10	118
7	85
9	102
3	132
12	110
1	110
6	106
6	108
10	124
7	177
6	134
4	116
8	63
13	109
10	110
10	110
6	112
17	69
5	98
1	126
6	105
10	96
15	89
7	110
6	110
8	107
12	1
7	107
7	110
4	110
7	69
7	32
7	108
16	140
17	110
3	1
12	86
10	110
2	88
10	77
6	107
6	126
7	110
6	130
7	80
3	11
6	116
6	117
7	106
7	110
6	66
7	128
1	116
3	53
10	98
4	102
6	102
7	108
6	66
1	106
1	126
6	112
1	107
5	100
7	110
6	98
7	109
1	120
20	136
12	126
6	58
1	136
3	32
10	110
7	127
4	125
15	2
25	64
1	106
20	93
6	102
6	106
5	110
6	95
23	98
4	110
1	100
1	12
6	98
24	90
6	116
21	123
10	111
10	106
7	126
7	122
10	122
24	78
25	64
7	110
1	110
6	57
6	108
6	110
8	102
7	126
7	102
7	118
6	110
4	110
6	112
7	73
6	78
10	130
7	117
13	102
6	126
7	112
23	108
1	108
7	77
6	117
6	121
6	158
6	75
5	110
7	126
7	133
12	112
8	141
6	29
24	85
7	99
6	115
10	110
4	118
13	32
20	126
12	61
1	110
6	76
10	102
16	75
16	114
1	112
6	108
22	110
7	110
7	120
7	110
6	106
7	173
7	74
1	112
3	83
5	58
10	190
6	75
6	110
6	114
7	111
6	126
10	101
24	69
12	82
5	122
7	106
12	86
1	110
7	125
10	124
7	112
1	110
6	112
4	112
6	62
4	110
6	108
6	122
7	110
3	110
24	94
7	108
10	110
7	110
10	112
6	92
24	88
10	105
2	106
6	98
4	110
4	70
17	122
12	111
4	110
1	110
12	110
6	106
7	77
6	102
16	106
7	110
4	109
7	85
25	91
12	114
6	142
10	118
10	112
4	122
7	129
7	117
13	172
6	116
17	106
7	117
7	25
9	183
6	110
16	46
10	112
10	112
7	83
4	108
7	101
5	110
7	104
1	105
22	114
7	77
10	110
1	125
10	113
7	108
7	110
13	94
4	107
7	110
6	105
2	106
6	128
10	110
12	112
6	101
7	108
23	90
7	110
7	114
7	106
4	128
4	104
13	192
2	110
20	135
6	102
6	110
6	69
12	122
7	106
4	101
3	106
16	109
10	110
6	126
6	126
7	102
7	114
1	98
6	108
5	107
4	110
12	110
16	134
3	128
1	118
3	27
6	109
12	27
7	118
4	110
6	9
6	80
7	110
6	107
1	107
6	154
2	102
10	190
9	109
6	109
6	19
19	26
7	81
7	128
7	110
12	122
6	110
6	108
10	186
19	96
4	118
7	114
12	110
4	30
7	98
6	106
10	106
7	110
3	110
14	122
4	126
2	126
5	116
6	104
6	110
7	110
1	110
10	108
1	85
1	112
6	75
6	138
14	64
13	41
16	77
1	110
22	111
7	173
4	110
7	124
6	110
6	130
6	122
6	124
6	98
6	77
6	102
12	117
10	10
4	109
6	75
3	161
10	108
6	57
7	109
1	90
5	15
7	102
3	122
6	154
10	130
24	89
24	31
7	111
7	124
1	110
12	114
6	122
7	19
7	112
1	110
6	110
4	109
4	101
4	109
1	106
6	117
4	118
12	120
16	126
7	98
7	110
7	114
3	64
10	110
10	110
6	110
6	94
6	126
7	105
6	106
1	75
23	90
6	106
12	85
20	128
7	126
4	11
4	75
1	109
9	169
2	110
5	126
6	117
6	103
4	102
19	157
7	112
10	122
15	58
2	125
7	109
7	126
6	110
14	102
7	114
7	106
1	110
16	114
6	109
12	110
10	107
6	102
15	27
10	114
4	102
6	73
7	118
12	110
10	110
7	117
7	110
6	97
1	109
10	27
3	110
6	126
1	110
1	110
6	124
7	110
1	157
6	11
6	122
4	126
4	110
10	109
7	110
6	110
7	110
6	110
3	126
7	110
5	154
6	110
10	110
7	106
10	110
4	105
7	116
1	126
6	26
10	110
10	101
6	110
7	105
13	110
7	130
4	101
4	110
3	34
16	98
7	76
1	107
25	192
1	154
3	160
6	110
6	108
6	124
1	112
10	112
4	110
3	110
7	110
6	109
6	107
13	110
12	110
7	110
6	110
7	107
4	110
16	109
10	109
3	126
6	121
23	112
23	141
10	120
7	124
8	112
1	109
7	117
7	109
20	78
1	110
7	84
7	110
4	55
3	129
10	149
10	101
10	110
15	90
25	58
10	112
16	28
16	44
6	106
20	109
5	109
6	57
6	125
6	125
7	110
4	90
3	42
6	65
6	109
6	110
7	116
6	90
16	80
7	85
6	106
6	110
6	110
10	126
17	114
6	110
19	90
6	115
25	48
4	122
6	126
6	90
1	109
7	90
7	110
1	128
3	110
12	84
16	77
6	110
6	112
12	126
10	109
16	92
7	116
10	108
15	90
13	125
7	69
15	60
15	92
15	92
15	96
6	105
10	28
6	105
6	109
10	102
10	114
7	110
10	105
6	112
6	112
6	120
4	110
13	84
6	118
25	94
6	108
10	102
10	110
7	110
4	110
12	110
7	20
6	110
6	114
6	123
1	105
6	116
17	98
23	114
1	93
19	15
10	110
7	104
1	102
1	112
7	79
7	116
7	30
7	102
10	111
2	112
5	94
6	124
6	124
2	126
7	106
9	89
7	158
1	104
1	110
5	174
10	110
10	102
25	89
10	82
7	110
1	105
7	104
7	112
7	78
10	108
10	110
10	153
15	104
1	110
10	126
7	108
17	64
10	109
13	25
10	16
10	109
20	128
11	142
7	114
9	52
1	118
1	125
7	110
10	110
7	114
4	108
3	107
6	107
2	109
18	94
7	30
7	125
4	106
12	109
6	101
6	110
25	96
10	126
4	110
4	14
5	110
4	109
3	109
8	108
7	77
5	174
10	106
12	8
6	10
4	109
1	109
3	86
16	109
4	173
4	110
10	109
12	117
7	110
7	118
6	122
10	108
7	85
11	54
8	108
10	128
7	106
7	69
8	136
10	117
10	12
4	110
6	102
7	109
25	60
6	111
1	109
8	4
10	114
7	109
7	112
7	123
10	105
10	126
7	126
6	110
10	154
11	72
7	110
20	57
6	109
10	73
10	117
3	35
12	102
7	108
7	118
14	64
7	57
1	97
10	73
7	125
4	110
10	126
10	181
4	112
10	102
7	101
12	97
10	75
9	94
2	112
4	123
4	100
1	110
6	110
6	106
10	110
7	125
4	112
3	109
6	108
10	117
10	112
10	142
4	113
6	106
16	109
7	110
3	109
7	124
2	69
6	111
4	126
6	132
7	110
6	109
7	100
4	110
1	58
2	98
6	112
7	110
1	112
7	12
7	109
6	106
5	108
7	112
21	108
6	11
6	98
19	126
16	118
10	110
4	110
7	106
7	69
7	106
15	90
15	58
6	106
7	112
4	121
15	97
17	97
6	114
6	90
6	96
16	110
10	126
3	116
20	110
13	122
6	103
6	90
10	118
6	60
7	109
1	106
6	112
20	114
6	110
6	63
24	57
24	49
24	63
10	118
1	143
6	110
7	121
7	109
10	130
6	114
10	105
4	112
6	108
10	110
6	110
6	64
6	97
6	118
12	47
5	107
6	113
4	97
12	105
2	109
10	77
25	93
7	98
8	20
7	123
7	110
10	110
10	112
6	110
4	109
2	110
7	86
1	112
6	90
7	121
19	124
4	109
8	89
14	54
7	114
7	110
5	128
18	94
7	118
6	106
24	121
6	125
7	118
7	60
1	110
22	95
7	110
6	128
4	110
6	28
16	126
7	116
12	123
1	4
10	126
7	110
7	77
6	110
7	110
7	109
7	109
7	112
12	114
6	110
7	91
13	110
6	89
24	86
6	109
10	111
7	113
7	122
7	106
7	106
16	106
6	98
5	77
6	62
4	118
4	111
16	109
6	94
6	106
22	58
12	107
10	110
7	84
10	116
6	114
10	189
1	124
4	111
6	109
2	112
6	108
10	130
17	110
7	126
6	102
7	126
13	116
3	77
10	102
7	109
4	109
1	101
13	117
3	141
6	103
21	110
7	106
1	105
1	101
6	102
6	146
10	127
10	109
7	106
7	109
7	118
4	109
3	110
3	43
12	15
12	110
12	109
2	120
6	122
6	119
21	105
10	101
19	126
16	28
7	101
4	109
3	110
6	126
10	109
10	109
7	69
7	107
1	110
1	109
13	102
7	110
4	128
10	109
10	110
1	125
10	104
10	109
13	11
10	25
10	102
7	109
7	154
7	114
3	105
12	120
6	114
8	116
15	92
20	63
7	117
7	81
10	133
4	109
6	110
12	114
6	110
14	13
12	110
2	114
17	108
23	110
6	114
7	110
6	174
12	127
10	106
7	125
6	112
10	110
10	86
13	89
4	112
6	112
12	106
15	58
6	128
10	110
7	105
3	110
8	156
9	109
1	102
10	110
2	19
7	110
7	118
7	81
6	80
6	106
10	42
1	128
22	191
11	89
12	110
16	110
4	108
4	126
6	112
15	96
10	69
6	110
1	125
10	109
8	117
13	85
4	73
1	114
4	144
16	112
16	109
6	110
5	110
6	146
10	110
7	109
7	100
10	110
17	110
7	118
24	89
13	110
4	101
12	110
6	89
4	109
6	111
6	30
6	112
10	72
1	130
1	114
3	138
6	106
10	118
3	126
6	110
7	118
7	32
1	118
1	102
10	110
15	90
7	121
7	110
12	190
12	102
5	110
6	110
10	126
7	110
6	58
7	118
3	36
1	126
7	106
7	28
6	79
7	112
6	89
7	98
5	110
10	110
6	118
7	23
7	130
7	69
6	110
7	118
16	110
6	124
11	57
16	110
17	110
3	77
4	108
10	110
18	57
7	108
7	28
13	109
6	106
7	118
2	114
10	98
4	140
16	109
6	42
7	110
7	108
1	124
6	110
14	109
4	109
12	109
5	101
7	142
22	106
21	98
12	176
4	109
10	110
7	108
6	112
15	92
10	122
19	64
7	10
16	110
1	105
2	72
10	112
10	102
10	124
23	74
9	110
7	110
10	109
15	64
7	126
7	18
10	109
6	110
10	121
10	112
23	128
6	109
6	114
10	110
6	174
6	85
6	82
4	121
10	129
6	112
6	110
10	96
6	108
8	17
25	61
13	90
12	108
6	105
6	124
11	77
4	110
12	77
10	110
4	126
7	108
12	73
10	110
4	2
6	60
6	108
6	120
23	69
10	110
19	25
12	45
6	28
16	128
6	96
7	110
22	110
7	106
6	102
6	102
6	80
10	109
4	117
6	126
6	47
6	112
7	108
1	128
6	126
6	122
6	108
10	110
10	126
10	110
4	110
12	126
7	102
7	118
4	110
13	64
7	107
12	108
7	134
7	54
9	110
3	101
19	75
7	117
16	117
6	57
6	120
6	108
18	160
1	102
6	32
25	93
6	110
24	70
15	64
7	93
13	58
7	112
6	58
10	112
6	109
6	106
10	111
10	106
3	142
4	114
23	96
9	96
9	90
7	109
13	89
10	102
6	107
4	101
1	109
16	102
10	117
7	109
3	172
20	64
20	92
11	85
1	146
6	126
9	121
12	126
7	111
1	10
7	122
7	110
6	98
8	75
10	109
7	117
10	109
6	118
22	89
6	11
4	110
4	110
6	113
3	110
3	43
6	63
7	88
5	118
2	48
2	109
2	76
10	110
1	109
12	97
16	110
6	112
5	126
7	112
1	109
1	31
6	118
7	126
13	110
20	112
6	104
12	105
7	109
1	110
20	105
12	116
10	110
13	115
6	110
6	105
15	96
6	110
12	107
22	121
23	66
13	60
2	108
4	118
22	111
6	128
10	124
7	114
7	85
10	110
7	93
6	110
1	175
16	141
7	146
6	110
24	58
3	110
6	110
7	110
7	13
7	108
5	110
15	94
6	112
17	110
10	124
10	126
10	67
6	118
10	108
6	110
7	81
6	110
4	108
16	109
6	100
6	105
4	114
6	97
6	101
10	110
24	93
7	117
6	110
1	109
6	98
10	108
14	133
6	117
10	126
4	110
1	133
6	101
16	77
14	35
7	117
7	102
7	77
4	118
10	110
7	75
10	101
7	118
7	114
4	102
2	106
6	29
6	113
6	105
6	111
10	107
7	102
7	109
7	117
6	110
12	110
20	105
6	76
10	12
10	110
4	73
1	106
6	117
6	91
7	109
7	77
4	105
7	98
7	112
3	112
6	98
6	4
12	110
16	110
6	112
7	110
6	109
3	174
20	98
6	110
6	128
7	142
10	102
4	124
6	108
24	68
7	110
9	32
7	87
19	94
12	108
12	30
1	106
18	58
10	94
21	98
10	110
7	109
6	102
7	110
8	130
1	105
10	110
6	107
4	110
12	110
6	97
10	46
6	112
7	117
6	92
4	109
19	105
25	94
10	78
7	20
1	110
6	57
6	102
3	77
10	77
10	108
7	110
7	91
7	179
7	72
1	110
6	110
23	94
10	110
7	110
7	116
20	108
10	108
7	108
6	122
6	64
1	110
16	71
16	144
16	102
10	101
12	110
7	108
7	112
1	102
13	144
6	106
10	108
6	117
6	98
10	124
15	63
7	106
4	110
3	118
10	110
10	108
4	102
9	16
10	108
10	110
10	110
3	130
6	78
6	128
6	75
3	105
1	106
21	101
7	113
22	112
1	121
6	25
1	110
6	97
6	111
14	85
7	73
1	110
6	112
7	110
6	108
7	74
4	102
6	63
11	95
7	112
12	28
12	101
6	122
1	102
10	106
10	83
7	105
7	124
4	102
3	110
12	112
16	108
7	112
8	66
2	110
6	176
10	110
6	110
6	112
16	98
2	110
2	98
6	138
6	104
1	110
10	122
12	105
7	110
1	80
10	105
1	110
6	110
6	110
8	98
16	109
13	106
6	112
10	110
4	106
3	143
10	110
6	63
10	102
4	125
7	86
16	109
20	94
7	109
20	118
6	123
10	105
12	110
7	76
4	107
4	70
6	126
6	126
10	134
17	102
7	110
7	77
3	107
1	109
12	108
10	117
15	57
6	74
10	77
7	125
7	70
6	85
6	112
7	105
6	98
6	125
2	106
6	128
10	174
7	176
4	47
6	89
1	110
6	107
7	107
7	110
7	75
7	112
7	108
1	174
13	108
3	173
12	108
10	116
6	110
6	116
7	108
4	98
16	106
6	118
10	106
1	106
1	126
3	112
6	102
6	109
10	110
7	109
7	108
4	127
3	107
10	124
3	75
6	85
6	118
4	110
16	108
23	110
1	109
6	101
6	107
7	26
10	20
6	101
6	112
4	106
4	109
4	86
6	109
6	109
7	106
21	111
7	102
7	125
13	92
4	108
2	110
6	126
10	126
12	125
7	109
7	110
6	110
7	110
4	101
3	118
1	107
16	111
10	114
7	124
7	109
7	10
21	105
4	100
7	106
10	107
1	112
6	108
18	91
21	110
4	10
10	110
3	105
16	101
6	106
6	57
4	110
7	126
7	94
3	121
22	113
4	102
14	85
7	73
4	114
6	110
6	108
6	109
3	110
6	122
7	102
4	110
20	106
7	106
6	109
1	111
10	76
10	101
9	94
5	112
1	102
6	123
6	123
4	122
12	124
6	110
6	118
11	113
1	109
10	109
7	110
4	110
6	110
10	109
10	128
10	110
7	81
7	170
6	97
6	127
6	98
10	112
3	106
4	102
7	142
1	118
3	91
6	126
24	95
6	110
7	87
6	107
6	102
7	110
10	108
16	109
16	126
10	114
10	106
1	102
10	110
10	160
4	138
4	109
1	101
12	110
6	110
6	112
6	105
1	126
6	108
6	118
10	101
10	182
19	70
5	121
10	165
22	106
8	62
6	146
10	112
7	126
3	174
10	122
7	107
7	102
7	124
10	98
7	98
7	110
10	134
7	106
12	83
6	170
10	98
7	117
7	109
4	109
4	109
6	115
10	109
4	111
10	113
10	110
24	143
7	114
10	75
7	107
2	100
4	126
4	101
4	110
2	122
6	116
10	125
10	110
1	126
1	111
2	109
6	112
10	101
10	110
16	102
3	108
1	110
6	109
23	121
7	123
7	128
20	11
13	23
12	122
19	128
7	108
7	79
4	176
6	107
6	112
6	110
10	101
1	126
5	105
10	101
7	109
7	109
7	110
7	110
4	16
5	20
6	118
6	76
6	106
6	109
10	108
10	110
6	126
3	122
12	4
8	87
5	112
10	112
6	90
12	113
6	97
6	109
6	101
10	107
10	105
7	85
10	112
12	114
16	125
2	109
5	107
6	128
10	110
7	109
4	27
6	108
3	124
16	110
10	126
10	122
7	100
6	110
2	144
6	108
7	115
7	108
7	117
6	113
6	109
6	112
6	112
10	26
4	69
13	60
16	110
6	101
10	123
7	114
24	94
7	111
20	110
7	102
4	110
9	110
6	109
10	118
10	109
10	118
10	110
19	39
7	110
7	109
7	110
7	117
12	110
16	123
2	97
6	90
10	78
7	100
1	125
1	109
12	112
12	76
10	116
1	109
3	146
2	107
7	110
4	110
1	109
10	110
10	110
1	87
7	109
1	105
13	109
16	102
6	110
6	109
6	130
10	126
4	22
4	174
10	106
7	109
1	102
6	108
6	112
7	118
8	95
10	98
10	126
2	126
23	106
6	182
25	68
1	111
9	48
7	118
7	102
14	18
25	92
6	59
6	126
7	75
22	70
17	110
3	109
4	110
7	101
6	114
10	121
10	106
1	103
6	118
4	110
7	14
7	174
16	108
6	110
10	115
6	117
12	126
7	69
6	124
1	110
7	105
7	93
7	110
2	109
7	118
2	109
17	111
7	110
6	98
19	78
15	90
16	157
6	57
17	77
4	120
10	138
9	6
7	110
6	110
13	95
12	110
7	118
12	134
6	45
7	124
17	110
7	110
4	109
7	117
7	15
13	57
4	111
1	110
9	117
9	109
6	113
7	110
7	65
4	104
7	109
6	109
7	109
6	125
6	17
2	106
4	128
1	110
1	161
9	124
2	112
5	126
6	110
6	120
6	104
22	110
15	92
18	89
23	138
12	97
3	29
16	126
9	126
9	109
14	78
4	122
1	118
1	178
10	178
14	110
7	123
7	100
6	120
6	64
12	110
6	110
10	125
16	11
10	102
10	110
1	110
7	112
3	109
10	145
6	118
6	117
4	97
6	108
10	126
7	97
4	109
7	126
12	108
5	34
7	122
6	110
10	146
13	63
12	112
4	126
12	108
23	102
13	27
6	126
7	76
7	104
1	115
1	101
8	156
2	84
7	110
6	75
7	84
7	125
1	108
3	12
3	14
5	69
6	122
10	110
23	110
1	118
9	109
3	117
16	123
16	118
6	110
6	110
6	107
10	109
7	117
4	106
1	105
9	64
6	123
6	112
6	111
6	111
10	119
10	98
10	76
10	106
6	77
7	126
23	102
10	126
25	96
9	32
7	2
3	103
12	112
3	106
6	109
7	106
5	110
4	112
10	123
14	140
13	58
7	109
7	110
7	118
7	63
4	10
4	111
4	125
9	151
3	32
6	110
1	89
1	112
16	118
6	108
18	64
9	22
1	109
16	134
16	11
7	78
7	112
6	125
7	106
1	109
6	126
7	134
4	110
4	190
5	126
7	106
6	125
7	110
3	58
6	110
6	121
26	75
3	112
2	106
6	124
4	126
7	70
9	109
6	112
7	126
2	10
6	166
6	126
10	112
7	111
7	25
12	110
16	86
16	69
6	110
6	110
10	112
6	110
1	110
10	112
7	124
20	106
7	118
4	113
7	102
21	98
4	109
3	20
7	109
12	105
6	63
16	110
3	101
6	110
7	98
4	114
6	110
6	98
4	111
9	79
14	90
6	117
6	103
7	100
6	102
6	78
6	123
10	110
12	112
6	146
6	98
10	126
10	110
7	122
13	94
10	120
3	107
7	86
12	106
6	77
12	122
10	102
6	102
1	118
10	117
7	181
20	123
4	102
3	110
16	117
6	64
10	124
12	75
4	107
10	10
20	89
12	111
10	109
10	98
19	92
13	69
6	109
11	103
6	127
20	160
7	15
10	110
7	67
6	116
6	126
7	98
7	116
6	78
6	112
6	63
6	105
1	154
3	109
6	110
7	109
7	120
1	111
12	110
10	110
4	175
21	98
10	126
6	154
6	120
4	110
6	108
3	174
4	114
6	118
23	92
16	133
4	93
2	130
4	102
13	112
1	144
8	31
19	94
7	110
7	110
1	112
16	15
6	106
6	28
19	9
4	42
7	101
4	110
6	110
7	10
14	62
6	110
16	130
3	110
1	112
6	126
10	102
22	46
3	118
6	109
24	91
6	110
6	93
14	12
6	106
6	110
6	67
3	67
7	110
7	48
12	100
6	105
6	126
24	70
10	108
14	109
7	110
1	126
7	177
4	122
3	110
6	110
6	109
6	110
14	2
14	23
7	109
7	101
3	109
6	97
6	124
10	161
15	59
6	110
12	79
10	112
10	182
1	98
6	109
10	130
1	124
12	110
10	113
4	112
10	110
1	114
6	102
12	48
7	68
12	102
16	102
6	108
13	63
10	108
7	111
6	102
25	28
6	126
6	110
12	110
1	108
12	57
10	108
6	124
26	58
7	126
4	10
2	110
13	110
6	114
10	112
6	99
6	102
6	93
2	128
18	95
7	126
6	117
6	57
6	129
23	101
3	60
6	110
6	67
7	86
7	126
12	124
6	112
6	128
10	116
24	86
25	57
15	27
20	102
7	110
6	128
1	109
12	107
15	58
6	89
6	130
10	112
7	111
7	110
7	107
12	108
6	111
10	108
5	98
12	106
13	64
6	118
6	110
6	106
7	110
10	106
1	28
4	126
4	122
6	126
14	98
7	102
10	178
17	108
14	4
6	110
2	114
6	94
7	110
8	78
15	57
1	110
12	110
6	113
4	122
7	104
7	110
5	129
6	81
11	90
3	126
11	90
7	126
25	130
6	112
7	98
4	108
13	122
7	100
6	109
10	110
13	172
10	112
7	174
9	89
19	92
7	116
7	110
6	102
1	106
10	118
9	130
3	114
12	118
10	144
6	94
1	110
5	109
15	96
14	8
7	110
4	108
12	130
16	124
20	124
7	124
5	110
6	108
1	98
7	94
6	106
6	100
6	73
3	109
7	103
7	145
7	106
7	110
3	110
6	110
7	109
4	98
1	108
3	130
12	98
4	108
1	102
3	180
6	77
10	110
7	125
7	110
10	125
10	105
4	105
7	112
7	112
21	16
7	86
7	110
1	105
6	114
6	128
7	109
7	119
7	112
3	109
12	110
11	98
10	122
1	77
7	115
6	123
6	113
6	126
10	124
7	126
6	58
7	86
3	27
15	21
7	125
7	85
6	114
6	108
7	114
12	190
12	122
6	110
6	63
19	96
6	112
10	166
13	63
6	81
6	116
9	120
9	24
3	109
6	9
6	118
6	151
4	110
3	110
3	105
6	111
6	57
21	110
23	105
7	110
4	127
9	86
12	101
6	175
6	111
21	109
10	111
10	106
25	58
6	110
6	107
18	64
7	112
5	100
6	110
7	109
7	107
7	101
7	109
7	111
7	109
4	112
13	107
12	108
5	129
7	121
7	109
7	37
1	93
6	110
10	109
10	109
7	105
4	4
13	117
5	106
6	20
6	110
17	110
14	55
1	110
13	89
6	110
6	156
6	10
6	114
6	110
10	106
7	110
7	111
4	109
1	102
20	64
10	106
10	117
7	108
12	114
6	106
10	109
10	114
19	94
3	104
6	75
6	101
6	106
10	112
10	117
10	110
10	105
7	84
7	128
7	110
7	110
1	114
1	126
1	107
16	109
6	9
10	107
6	100
7	16
9	109
6	106
7	110
6	114
6	22
6	94
6	60
7	94
13	110
13	92
6	112
6	128
10	114
7	146
6	126
6	126
12	114
7	126
3	110
2	60
13	64
3	16
1	109
4	110
6	109
10	109
7	110
1	110
6	110
4	112
6	57
10	110
7	20
12	53
12	107
13	64
6	92
10	128
7	108
10	110
7	106
7	126
1	130
10	106
10	98
6	113
6	122
7	112
7	101
20	100
10	122
10	110
7	110
7	103
4	135
12	80
6	106
6	110
6	114
6	106
10	130
7	110
4	110
4	126
6	106
10	106
10	122
7	102
13	124
5	108
1	110
16	97
23	109
7	110
6	136
7	108
2	98
6	114
12	110
6	126
10	118
11	91
6	89
6	101
7	118
10	125
7	77
1	109
5	73
12	109
6	116
7	110
7	109
15	57
7	115
7	109
1	108
12	110
6	105
6	118
25	90
7	110
3	126
3	146
23	110
7	126
3	109
6	125
10	110
4	8
13	94
1	110
6	128
1	110
7	110
7	182
10	117
22	85
4	110
18	86
1	110
12	110
16	126
6	105
6	78
7	101
4	123
12	126
20	114
6	114
10	99
7	76
7	124
7	117
3	22
6	60
10	102
15	63
16	126
17	110
6	102
15	64
7	106
10	110
7	114
6	42
6	109
10	110
7	85
7	174
4	100
2	64
6	108
6	130
3	106
7	102
7	116
4	98
1	126
1	110
3	110
5	126
6	74
6	122
6	100
10	158
10	106
5	110
6	113
7	107
4	141
10	105
1	110
6	108
10	124
25	28
7	95
6	10
4	110
7	75
10	100
7	116
7	126
10	109
1	110
7	126
6	108
5	118
1	112
7	85
4	110
1	114
1	126
3	61
6	69
12	98
6	115
14	10
7	77
4	126
1	110
1	112
13	32
6	102
7	110
6	110
7	87
7	126
7	126
6	128
10	110
7	164
7	110
4	27
2	110
6	110
10	124
7	123
1	110
12	110
6	109
10	110
10	117
22	86
22	185
4	110
6	114
13	116
10	73
6	117
6	110
7	114
7	108
6	118
6	109
7	114
6	110
7	109
7	78
4	106
7	108
21	108
7	109
7	110
7	114
7	110
6	102
10	110
6	109
10	121
20	93
4	16
8	118
1	128
3	48
7	84
6	102
7	173
7	125
7	113
8	138
3	102
2	102
6	93
7	120
1	101
7	74
7	145
6	128
7	106
12	124
6	111
4	124
3	102
4	109
1	110
3	125
3	113
1	109
6	102
6	103
6	119
10	102
7	79
6	126
7	181
7	118
15	85
6	57
7	118
4	110
4	110
7	110
7	80
12	81
6	112
7	110
1	134
1	110
10	108
20	118
6	110
1	112
1	108
6	108
6	126
1	118
6	122
6	110
10	118
7	73
11	109
4	126
6	110
7	106
20	64
20	64
6	58
6	64
6	110
4	122
7	122
21	126
10	110
16	136
7	116
3	96
3	117
6	117
1	117
12	110
6	111
5	68
22	32
17	156
10	106
7	109
13	76
5	51
6	116
10	126
7	86
8	15
8	49
8	63
8	67
8	3
6	102
10	31
3	25
5	126
7	110
4	110
6	110
21	112
6	107
6	106
4	110
6	116
7	126
10	110
10	109
12	78
4	110
6	105
6	74
5	107
6	112
7	114
10	10
7	110
3	118
6	109
6	109
2	110
7	110
13	83
4	109
6	115
10	101
7	123
4	110
6	59
23	165
22	106
7	19
7	93
10	58
7	109
4	110
4	106
13	110
7	70
6	116
7	171
6	114
6	102
7	129
4	109
10	156
11	66
7	107
7	32
22	110
7	114
3	109
12	110
16	109
4	109
12	101
7	118
7	123
12	112
12	98
7	75
8	78
7	109
13	63
12	77
10	18
12	106
13	1
13	134
16	102
10	116
25	146
13	112
7	102
7	6
7	5
12	113
7	108
4	124
4	2
7	133
16	117
10	74
15	90
4	122
1	189
7	106
7	121
7	114
1	106
7	117
7	18
12	109
4	31
4	113
7	109
7	117
7	108
16	110
6	108
7	110
6	111
2	90
4	111
1	110
8	114
6	102
3	117
6	111
7	109
14	39
12	118
6	110
4	106
14	110
7	110
4	14
7	169
6	123
15	157
7	125
7	117
4	26
16	36
1	120
6	114
10	101
7	86
7	77
7	108
16	126
7	124
1	107
7	107
5	27
5	11
6	114
6	57
1	105
7	109
16	112
7	108
4	108
25	114
7	110
4	101
10	101
16	45
7	110
10	117
7	83
6	101
1	105
12	126
10	112
7	109
6	110
6	89
10	111
7	110
18	63
7	108
7	110
7	105
6	89
6	59
6	73
7	114
3	114
3	94
6	116
10	124
7	75
7	106
12	112
16	114
6	75
6	154
10	128
4	122
16	111
22	110
7	110
1	108
1	102
6	124
7	108
7	125
6	108
20	114
10	110
7	110
16	109
19	24
7	111
12	116
2	105
2	13
6	127
6	110
6	115
3	109
12	76
12	108
7	112
7	85
6	125
10	110
17	111
15	94
7	126
7	110
7	109
9	114
3	118
6	90
6	117
7	86
7	141
7	78
4	105
7	68
10	112
2	114
6	106
10	118
23	150
6	108
6	126
4	108
7	110
7	32
22	124
25	64
7	118
7	118
4	110
8	112
6	31
1	110
16	112
21	158
4	112
13	102
7	98
22	110
12	182
16	106
6	90
5	137
10	109
21	97
1	94
6	73
20	75
5	38
6	112
7	119
10	18
7	122
6	110
7	174
10	150
3	122
6	112
10	110
8	124
6	28
6	32
4	111
4	109
6	116
6	118
6	102
7	110
12	114
16	118
6	106
4	95
10	126
6	112
8	124
20	114
6	16
7	110
4	110
2	101
6	110
6	122
16	101
10	116
7	114
1	126
3	109
7	89
19	92
10	102
13	59
12	98
16	110
16	126
10	110
25	18
1	84
6	107
6	114
7	118
7	110
4	174
10	110
19	57
12	120
6	110
13	90
6	60
6	98
7	122
15	90
7	104
13	72
10	86
6	110
6	110
6	112
14	95
6	106
1	106
10	112
20	58
10	110
6	110
1	101
6	109
7	110
4	116
3	162
7	112
1	110
6	118
10	118
7	112
7	103
7	126
1	106
20	109
10	105
4	110
4	109
1	123
12	106
6	134
6	109
6	75
10	101
10	26
7	109
12	97
6	109
6	101
6	123
7	77
6	109
15	90
7	106
6	106
6	107
3	47
12	128
20	119
6	90
4	117
4	106
10	100
3	118
7	113
1	109
6	89
6	95
3	178
12	102
12	114
12	28
12	10
12	109
7	63
4	98
6	134
15	64
15	90
6	110
3	108
14	95
6	110
16	186
6	112
7	100
1	110
1	109
7	112
7	109
7	102
6	114
3	138
6	110
6	126
10	170
10	112
7	101
7	110
7	108
6	125
6	118
10	118
1	125
6	77
16	87
7	49
6	75
20	106
6	91
1	109
12	108
16	13
6	105
23	70
10	102
11	67
7	116
16	110
7	25
12	132
20	105
10	106
6	112
6	112
21	91
1	126
4	114
6	87
6	113
6	124
1	110
7	108
20	110
13	110
12	128
6	97
7	11
7	106
16	106
5	109
6	110
7	110
4	108
6	90
21	117
6	96
6	172
10	109
4	110
7	78
10	108
6	77
16	114
6	118
7	110
1	106
4	126
4	118
14	95
5	114
6	106
10	126
4	99
6	104
4	126
7	117
12	109
21	79
10	112
10	101
6	110
7	81
7	109
2	101
10	109
10	105
10	112
12	114
10	12
10	110
9	90
3	119
7	132
7	126
7	128
7	110
10	107
6	112
10	92
7	112
10	102
1	109
2	107
20	110
3	98
7	108
10	109
10	114
10	126
20	80
10	109
17	97
7	23
6	126
7	108
1	125
16	109
6	105
7	16
4	144
7	106
6	108
6	110
6	109
6	110
20	129
6	114
6	126
10	110
1	110
5	15
5	27
6	102
12	152
12	33
3	125
4	112
10	127
3	100
7	124
6	122
10	110
4	12
7	110
7	102
6	120
4	126
16	73
7	110
7	110
7	114
10	130
10	108
7	126
13	17
7	118
7	112
7	122
4	16
1	128
3	110
7	126
6	110
4	122
19	104
6	102
7	106
10	172
4	118
7	108
3	118
6	110
10	102
7	77
4	130
1	122
16	110
6	112
6	126
10	106
7	108
7	110
7	126
4	138
6	64
6	107
6	110
10	126
1	117
1	139
12	126
16	110
16	110
20	109
17	121
7	102
7	110
4	120
3	3
2	110
6	9
6	156
6	110
17	125
6	125
6	122
18	75
1	108
7	118
12	75
7	86
7	111
4	130
13	121
6	57
6	110
7	114
7	16
4	109
9	76
16	185
10	108
17	105
7	105
5	102
6	110
10	110
10	109
10	4
24	64
6	108
7	124
2	114
9	23
7	97
1	110
9	58
7	120
21	106
10	102
6	123
3	110
10	77
10	110
22	114
7	11
6	112
10	108
4	110
6	106
6	124
11	59
7	79
6	117
5	110
6	118
7	90
1	106
10	189
6	123
10	110
7	108
4	48
6	3
4	122
7	124
7	126
4	112
5	110
1	77
14	63
1	101
6	28
4	125
7	192
7	26
6	137
7	128
6	110
7	109
4	10
4	149
2	126
6	109
7	108
7	43
10	187
7	84
10	98
7	102
7	102
1	106
12	109
6	106
1	126
9	60
6	114
7	124
6	109
17	109
7	110
12	115
7	146
6	126
10	106
1	110
1	12
1	107
16	114
7	110
1	158
6	110
6	65
6	105
16	114
6	112
18	79
7	142
12	106
7	110
7	118
16	108
18	74
6	110
12	112
20	59
18	59
7	110
6	28
6	108
6	114
6	102
3	75
25	99
4	108
3	110
2	74
4	101
1	126
1	10
6	104
20	110
7	15
13	64
7	91
12	50
7	66
4	110
5	80
6	57
6	109
7	112
6	104
1	112
1	126
10	106
6	96
22	114
12	105
7	101
4	115
13	117
7	154
7	77
6	110
7	118
12	110
7	112
10	110
7	107
1	109
6	107
10	128
6	107
6	126
12	109
7	83
7	78
16	108
10	99
7	109
7	110
7	110
7	114
7	110
9	83
3	110
2	114
20	126
6	112
10	110
2	109
5	109
6	102
7	154
7	108
6	109
7	130
6	85
7	118
12	122
2	77
6	109
10	109
10	98
10	110
7	105
2	109
20	126
5	77
6	105
6	109
6	68
6	118
6	128
10	110
10	110
4	109
1	130
1	134
16	106
7	110
1	101
1	102
17	9
1	112
13	118
2	129
4	124
6	108
9	113
15	90
7	78
13	90
6	130
6	110
6	106
6	102
7	98
6	128
4	73
6	110
6	98
20	122
5	126
7	102
7	125
3	117
4	112
2	110
12	110
5	61
1	109
16	98
7	9
7	102
9	90
9	28
3	20
5	109
10	110
23	86
7	114
7	114
7	107
10	108
14	60
1	126
6	110
10	116
1	110
9	107
26	30
7	112
10	106
4	120
7	75
1	117
4	112
7	112
12	67
6	100
7	98
6	106
10	10
6	94
3	152
10	113
6	108
18	93
4	147
12	85
6	118
6	102
7	105
4	110
4	114
3	79
20	108
6	118
6	112
17	93
2	97
20	99
6	109
6	145
11	77
4	110
6	59
10	109
6	114
6	110
7	126
6	106
1	76
7	110
6	108
6	77
4	109
7	108
7	110
4	24
4	126
8	110
6	65
6	110
17	133
7	109
21	154
10	78
10	102
1	108
7	110
7	110
16	122
4	120
1	105
10	112
7	116
7	110
12	20
4	4
1	114
13	105
10	125
9	149
6	47
6	105
1	118
6	110
5	92
10	110
12	140
10	110
6	102
1	109
17	124
4	108
10	108
12	40
6	106
10	126
7	174
7	83
7	108
20	110
23	48
10	98
10	110
7	105
1	86
4	112
1	112
6	102
11	57
4	144
6	110
10	102
3	186
10	114
6	68
7	8
7	110
1	108
12	77
7	108
21	106
11	73
1	109
7	126
6	14
10	85
10	126
7	102
3	118
3	89
6	62
7	114
6	114
1	110
14	28
6	106
8	63
7	126
7	16
14	15
6	77
4	109
5	101
10	83
1	108
1	75
6	113
8	110
22	130
20	112
19	93
3	146
6	117
9	115
1	98
4	136
7	89
12	98
10	110
7	108
10	110
10	26
6	114
10	112
1	114
5	22
7	102
7	102
1	109
2	128
6	98
6	122
6	110
10	127
7	118
7	126
22	114
16	108
12	114
7	118
13	110
12	182
10	61
18	90
3	110
5	21
10	114
10	105
12	109
10	117
23	110
4	113
16	126
2	110
6	29
7	109
6	28
9	53
6	58
6	90
7	110
4	118
4	70
6	48
6	33
1	110
5	63
7	126
1	124
10	46
10	133
25	94
6	102
6	69
6	106
24	101
19	96
4	110
6	24
1	152
16	68
7	126
7	109
6	92
7	98
7	128
4	112
6	108
6	90
7	112
6	110
10	105
10	109
15	64
2	98
7	110
1	109
12	108
7	124
6	118
4	117
6	109
10	106
1	122
12	100
6	102
14	10
7	129
7	85
7	134
12	112
6	110
23	118
6	121
7	109
3	98
6	33
7	85
2	104
2	1
20	105
7	102
6	110
10	110
7	122
6	102
7	16
5	110
6	102
4	98
10	130
7	109
1	106
1	110
1	109
17	128
7	91
12	107
6	102
11	60
11	76
7	110
7	108
24	93
3	123
6	141
13	125
6	117
10	54
2	108
10	102
10	124
10	117
10	109
6	101
11	110
7	110
7	113
6	128
7	114
10	120
23	110
12	106
16	117
10	110
1	110
10	102
21	105
6	102
24	57
13	117
3	101
13	105
15	64
15	60
7	112
7	126
3	63
6	114
4	98
7	106
6	112
6	101
24	89
12	188
6	122
4	109
7	118
5	102
1	125
10	102
7	109
7	68
5	104
6	110
4	97
1	119
6	109
10	99
10	109
10	117
6	24
8	20
3	40
7	114
6	114
10	97
3	69
6	62
6	30
3	58
8	112
6	105
3	25
3	155
6	74
3	107
4	122
16	100
16	118
6	99
22	113
17	112
10	126
7	69
6	124
10	129
10	110
10	12
1	122
5	112
10	110
10	110
1	94
7	110
4	117
10	113
3	105
4	110
3	20
1	101
14	58
10	102
7	106
7	112
10	156
6	90
3	117
4	126
6	96
10	110
7	86
7	110
6	110
6	122
10	118
10	65
1	110
14	110
1	126
9	89
6	106
10	110
4	124
6	110
6	154
7	124
7	110
6	98
5	34
5	121
10	109
10	126
7	9
10	111
1	110
7	106
6	63
10	110
7	125
10	73
7	110
7	113
13	114
12	32
10	110
7	102
16	106
15	64
7	101
10	126
7	108
6	109
10	110
10	19
10	109
10	111
4	114
6	95
7	98
7	107
7	121
7	98
4	161
1	98
1	129
6	121
6	95
6	104
2	110
6	104
4	112
19	90
3	126
2	107
21	109
10	102
10	121
1	113
2	112
10	102
12	111
6	109
7	98
12	124
9	89
6	89
10	47
7	112
7	11
4	102
6	110
6	111
7	108
4	118
12	110
11	109
16	93
6	114
6	90
1	110
12	114
12	100
12	118
16	125
16	109
6	115
13	76
12	100
4	145
1	135
6	110
10	120
3	32
10	110
5	109
10	125
6	110
7	114
7	100
10	110
10	130
7	127
10	31
10	86
7	115
6	109
7	75
7	144
7	118
7	109
9	16
7	117
12	109
4	164
7	117
6	114
6	64
4	108
6	27
7	121
7	112
7	101
4	126
4	102
8	118
1	106
13	110
16	117
5	110
5	126
6	117
6	44
6	84
6	120
10	110
10	110
10	121
10	108
22	74
22	142
18	96
4	98
6	111
6	124
6	90
6	98
4	110
6	113
10	110
6	109
6	102
6	110
10	125
10	122
7	11
7	101
13	69
10	110
7	85
6	114
7	109
7	66
3	106
7	108
4	112
6	98
22	108
10	126
12	92
4	118
6	102
24	181
7	16
4	110
5	110
6	73
6	107
19	106
7	93
7	104
4	130
6	107
6	113
10	106
10	109
7	102
7	128
1	154
6	26
10	110
7	105
3	109
3	109
4	145
9	21
3	103
10	111
4	106
1	137
5	118
6	109
21	125
6	109
10	100
25	76
6	119
7	126
6	102
10	119
22	69
7	112
7	120
7	101
4	114
16	182
10	73
10	110
6	110
6	75
6	113
7	99
16	134
13	95
6	123
10	118
10	47
4	98
12	126
16	148
6	105
10	130
6	117
6	110
4	118
10	109
6	64
12	110
12	114
1	109
8	106
6	102
6	106
9	96
16	126
6	112
7	113
4	125
3	151
6	130
23	125
6	110
7	83
1	117
2	110
6	114
7	109
1	105
6	98
6	106
10	109
10	109
7	78
6	74
13	126
6	109
18	90
7	117
7	106
14	112
16	109
7	162
7	126
9	112
6	112
6	122
12	110
6	110
10	102
10	110
1	102
12	112
6	96
21	128
10	73
4	130
10	116
7	124
7	74
1	110
6	110
7	75
17	112
25	99
4	121
2	50
6	64
18	70
7	118
25	67
7	110
7	105
7	109
6	109
7	111
8	109
6	104
2	76
10	102
7	142
7	78
10	105
4	111
6	110
10	121
20	28
10	77
12	110
4	70
6	48
7	73
6	110
7	185
10	91
10	79
10	100
1	110
15	82
3	98
12	110
4	113
10	97
3	146
10	109
7	126
12	105
7	110
1	109
2	105
22	85
10	110
7	107
4	109
7	101
10	25
7	116
6	64
6	110
10	130
7	107
15	172
3	106
7	12
7	77
7	109
16	83
22	110
22	25
8	138
12	113
10	105
4	121
6	113
13	67
13	93
6	64
7	115
12	102
16	109
24	85
6	134
7	149
6	102
25	77
15	95
14	17
6	139
10	80
18	96
7	98
2	115
7	110
13	63
24	94
7	7
10	124
3	124
7	108
4	110
1	98
2	110
7	126
7	100
7	110
19	96
20	108
6	128
7	10
3	110
12	129
5	126
10	105
10	110
15	109
19	103
23	101
7	16
7	103
22	64
7	75
6	73
7	108
7	120
9	105
16	107
6	9
10	120
7	107
8	110
6	126
6	107
10	110
6	111
3	98
7	106
4	51
12	114
12	104
1	128
7	110
7	114
14	44
6	101
6	102
7	110
4	69
6	57
7	126
7	126
7	112
7	24
6	112
1	124
10	89
10	126
10	110
7	114
10	126
6	126
7	109
13	78
7	102
7	67
1	98
16	112
3	129
6	105
22	108
7	111
4	114
13	117
1	112
16	110
4	109
1	122
3	98
6	113
6	130
10	112
7	110
13	110
4	73
4	12
1	124
4	110
1	108
13	58
7	114
13	96
3	25
12	106
16	102
7	102
7	110
25	108
7	122
4	128
5	154
25	112
12	63
9	90
15	60
7	118
7	110
4	116
10	106
7	126
3	108
16	144
6	154
10	110
7	110
3	28
7	124
7	77
6	126
6	102
1	110
12	62
6	117
7	108
8	80
10	106
10	104
10	106
6	106
6	98
4	98
4	110
8	117
1	97
1	113
3	126
12	107
16	110
6	57
10	101
10	114
10	66
11	4
11	145
7	124
10	110
22	32
6	109
9	105
7	118
4	108
6	126
10	109
7	110
7	112
8	110
3	101
6	104
7	104
12	59
8	110
6	102
10	102
7	70
6	105
6	101
1	104
6	89
7	110
1	110
19	172
13	93
1	108
10	126
10	101
10	105
10	122
10	113
10	131
1	123
6	125
6	121
6	158
1	118
10	75
10	110
12	124
2	110
17	93
10	126
7	156
7	3
7	153
1	107
1	97
1	128
26	9
10	16
12	109
10	102
19	90
7	86
7	117
7	16
7	107
16	134
21	112
8	11
6	106
16	128
12	110
7	110
7	75
1	124
7	110
7	108
20	152
6	103
13	89
5	12
12	122
1	105
7	16
7	102
7	118
3	27
6	109
10	105
7	102
10	126
1	112
6	108
14	1
7	109
4	118
6	106
14	55
13	45
7	110
6	94
6	106
10	110
7	114
2	117
6	107
7	74
6	114
7	172
8	124
1	137
2	7
10	113
7	143
7	126
5	102
4	102
7	170
12	109
6	129
7	109
7	75
12	109
23	110
6	23
7	117
7	126
6	102
6	110
8	77
7	8
7	106
7	110
4	16
1	110
2	123
6	10
6	90
6	26
6	110
6	109
7	20
7	109
7	109
7	122
7	156
4	109
1	107
3	110
12	97
12	109
16	124
10	118
10	114
10	106
10	76
10	109
10	127
17	85
16	110
5	102
2	104
6	110
19	57
7	87
6	78
6	110
2	110
10	108
15	63
7	96
7	102
7	110
6	93
7	16
7	77
10	110
14	129
7	77
4	9
7	75
15	91
6	154
13	122
1	107
6	74
10	106
12	106
10	106
7	189
4	110
6	106
18	96
18	96
7	32
1	110
10	90
4	108
6	65
7	110
7	112
7	105
1	101
6	112
6	118
10	113
4	102
12	104
10	110
3	109
7	98
12	110
6	112
7	110
4	110
16	106
6	114
6	110
10	120
7	101
6	101
4	107
1	110
12	188
2	110
6	112
10	124
15	64
16	110
6	105
1	107
10	123
10	107
10	110
3	81
10	100
10	109
7	123
1	110
10	105
7	114
6	110
4	130
7	11
4	98
7	105
10	109
4	113
10	112
4	111
13	109
7	108
7	60
7	74
7	165
6	113
10	101
2	119
2	189
6	57
7	108
7	101
14	83
6	107
16	126
6	14
7	112
6	110
24	89
4	102
6	124
10	130
6	189
6	44
6	108
7	117
7	109
12	172
6	64
10	110
2	102
10	112
1	112
6	117
7	79
6	69
10	108
7	110
10	110
7	109
12	112
1	126
10	154
1	128
7	111
3	134
4	109
3	122
1	112
20	114
5	112
7	121
12	142
12	111
16	142
6	110
7	126
7	106
6	109
16	78
19	92
7	86
10	121
7	109
6	110
10	148
7	110
9	102
3	110
1	111
10	97
7	98
1	87
23	110
6	126
16	114
7	149
7	117
7	123
7	15
4	12
10	110
10	106
7	128
3	89
4	112
10	110
12	30
10	98
7	112
1	116
12	66
22	146
6	128
6	118
7	78
4	109
12	81
10	105
10	178
7	126
6	102
10	104
12	118
6	120
6	98
13	118
10	110
13	92
6	59
12	118
16	116
7	85
12	28
23	98
6	19
7	77
7	110
6	37
21	100
4	133
16	125
6	11
12	110
10	110
1	112
13	106
13	114
4	118
13	98
4	110
20	89
4	110
1	110
6	102
7	126
6	73
6	47
6	75
6	110
10	122
3	114
10	110
5	26
10	112
7	74
7	85
6	110
6	110
7	2
4	102
12	102
6	25
6	17
10	126
10	122
7	114
3	59
22	110
4	106
10	117
10	125
7	108
7	110
6	126
25	95
7	113
1	114
5	125
6	4
7	110
24	96
24	58
24	64
7	77
12	112
12	77
9	16
7	128
7	112
7	122
21	102
10	104
7	110
1	110
6	51
4	97
12	110
10	111
10	118
6	124
6	106
6	97
4	140
25	70
2	85
21	110
16	109
6	181
6	101
7	110
10	110
7	85
6	126
6	105
10	109
14	4
4	114
7	120
6	109
6	126
6	93
10	114
6	120
6	112
10	109
3	47
9	28
16	117
4	98
6	125
10	112
7	110
6	108
10	110
10	108
1	115
12	187
7	109
10	75
7	110
7	114
2	110
5	110
7	117
20	128
6	101
10	110
6	109
6	174
6	58
9	110
7	110
25	58
6	110
6	112
7	112
6	33
7	99
1	105
12	151
6	101
3	35
10	109
7	107
9	169
2	104
6	108
10	105
7	120
7	109
7	109
4	105
4	122
3	110
12	110
5	100
10	125
7	110
6	109
7	126
6	126
6	106
7	130
4	102
1	112
12	128
10	104
23	100
1	124
12	124
16	124
15	96
15	28
15	90
19	64
8	1
6	113
18	90
7	110
6	110
15	58
10	110
6	75
14	141
7	108
7	110
7	110
7	86
12	110
7	110
7	108
3	112
10	110
10	124
7	109
7	109
7	110
7	98
6	110
16	118
10	110
23	108
6	110
6	126
3	77
10	109
7	109
12	12
6	122
6	75
6	74
13	93
6	108
6	28
3	93
4	110
2	110
6	128
7	75
7	108
10	117
10	105
7	88
4	108
25	28
10	110
7	110
7	110
6	109
10	110
7	110
1	104
6	100
10	110
4	108
3	96
6	108
7	112
5	110
10	109
13	83
13	109
6	116
4	98
4	55
4	122
12	105
6	94
3	109
16	107
6	105
10	142
6	124
13	110
7	100
16	95
16	95
6	108
10	69
10	12
7	108
7	10
4	101
16	113
10	109
14	70
1	102
1	105
1	125
12	109
12	78
2	171
5	110
10	113
7	110
4	108
1	101
10	109
4	101
24	93
7	73
7	116
6	114
16	98
2	110
6	135
6	110
7	109
7	109
5	107
10	74
4	109
1	125
1	109
1	109
12	28
16	86
6	57
7	14
3	68
7	109
5	105
7	118
6	113
6	110
6	110
15	41
6	118
6	125
1	112
9	85
24	90
12	106
10	105
10	101
7	118
6	101
7	102
8	11
9	133
6	121
4	78
6	125
7	62
7	102
3	126
22	70
12	135
10	117
1	101
6	107
7	102
3	25
1	112
1	110
7	118
7	85
9	110
6	118
17	126
7	110
6	124
10	77
10	110
10	124
7	64
10	110
7	105
5	86
5	110
4	70
7	70
3	97
6	79
6	105
6	111
10	107
6	154
7	113
4	110
4	105
6	109
6	108
7	126
6	2
6	97
11	87
7	100
4	110
4	130
5	98
5	114
6	125
21	108
25	148
6	32
6	110
6	102
6	112
13	159
6	122
7	176
8	109
3	145
6	110
4	114
12	126
10	174
1	110
7	110
12	83
10	128
4	110
6	10
22	65
15	32
4	126
6	102
10	110
4	100
5	108
12	110
13	94
7	110
7	102
7	110
3	110
6	110
7	112
6	102
13	126
14	64
7	86
14	34
6	106
7	100
6	114
4	108
6	77
1	126
10	112
21	102
4	110
6	102
6	1
10	108
7	110
10	118
6	75
4	102
4	109
6	98
8	47
7	85
7	126
4	128
13	110
6	85
1	110
6	112
5	130
6	122
6	106
4	126
13	110
6	104
6	128
5	106
10	154
7	77
1	110
12	102
6	12
6	98
20	4
16	128
13	64
6	102
13	110
6	125
7	126
1	112
6	63
6	114
6	118
7	118
7	110
6	112
18	70
6	102
7	109
7	110
1	116
7	102
1	110
1	126
16	110
12	104
16	112
6	98
4	102
7	77
7	109
7	121
1	110
6	108
6	106
6	51
6	110
7	110
4	67
4	102
1	110
7	1
6	105
6	109
6	107
10	109
10	105
7	98
1	154
10	110
23	78
4	110
7	126
15	28
7	125
7	26
7	114
7	112
1	113
7	34
13	91
7	110
6	124
10	102
10	139
15	58
15	58
9	112
5	64
6	153
10	106
15	32
1	110
3	111
16	97
5	128
6	17
6	110
10	124
23	98
7	86
7	126
6	90
7	106
6	116
24	94
6	112
25	94
6	106
7	126
6	112
6	120
6	106
7	114
6	9
7	78
4	110
13	94
6	110
4	73
2	124
10	146
7	112
7	190
7	114
4	106
5	110
6	27
6	185
17	64
6	108
10	110
10	108
11	78
7	132
6	112
21	110
25	89
25	57
7	110
15	59
4	114
6	14
10	146
7	100
7	15
10	110
1	108
12	55
7	102
7	126
24	93
6	89
4	14
3	19
10	106
6	121
6	67
7	110
4	110
6	108
1	126
6	162
6	64
10	112
15	58
22	110
7	120
7	110
6	89
6	89
2	108
6	64
4	124
6	91
6	89
1	110
1	109
5	61
18	64
7	105
7	109
7	108
6	109
7	110
4	110
4	122
10	110
7	69
6	58
6	25
6	102
10	122
7	114
7	110
6	116
10	126
6	76
7	84
5	89
4	20
12	84
17	108
6	110
4	83
6	110
7	102
7	110
4	110
20	108
1	122
20	89
7	110
1	120
1	172
7	88
1	113
6	109
10	75
7	117
6	75
6	112
6	73
10	110
13	26
13	110
6	101
6	118
4	110
4	118
10	112
4	122
1	126
12	101
4	108
7	109
10	124
10	109
4	98
6	90
7	110
12	93
6	110
10	112
4	117
13	110
7	110
6	114
10	162
14	27
3	64
6	110
1	109
12	101
6	109
10	117
7	127
7	117
6	94
10	117
7	114
24	77
10	109
10	114
1	109
10	109
7	110
6	96
3	102
7	85
7	150
7	128
7	77
10	14
4	110
13	63
10	110
6	109
8	118
1	126
13	100
2	98
10	110
10	110
1	100
9	42
3	84
6	112
6	128
12	109
3	82
7	110
3	130
3	157
6	118
6	124
7	73
6	117
7	108
10	110
25	58
6	119
7	109
13	95
10	108
7	109
1	1
1	125
5	13
7	111
1	110
6	32
7	110
13	26
13	58
13	88
7	109
7	125
10	99
14	188
7	108
3	77
7	108
12	108
1	108
12	140
7	16
4	109
12	105
3	114
7	85
15	85
7	105
6	109
22	105
3	174
2	111
11	10
7	128
3	109
6	114
23	93
7	157
13	111
3	109
6	100
5	107
1	109
1	108
6	117
4	110
4	108
12	91
6	110
7	101
4	105
6	101
14	63
7	126
7	97
10	107
10	43
10	32
5	106
7	106
4	112
1	122
1	118
6	109
6	110
8	23
8	67
9	23
9	67
12	48
4	112
12	124
23	112
6	187
6	10
6	109
6	120
15	89
4	126
6	121
10	105
22	129
7	128
7	112
7	110
3	148
16	110
20	110
6	109
6	92
10	110
16	110
2	106
2	124
6	111
6	101
10	110
11	76
14	91
4	104
1	114
12	38
20	106
6	111
10	65
7	28
6	112
18	90
7	69
4	110
6	110
6	109
7	107
6	113
6	70
10	126
10	112
6	110
6	110
7	32
7	110
4	107
5	142
6	110
6	111
6	28
6	12
6	110
7	75
4	126
7	124
10	108
10	110
11	57
10	110
7	118
12	128
22	110
10	106
7	74
1	110
7	110
6	128
7	121
6	121
10	124
6	95
25	64
7	77
4	74
6	110
4	73
13	57
16	126
6	117
10	73
4	120
13	118
4	111
10	101
7	65
10	102
10	113
7	101
3	113
10	105
4	76
7	101
12	117
15	13
14	22
13	108
16	118
6	109
14	119
3	112
7	86
10	126
6	124
6	110
7	144
7	98
6	110
16	90
7	114
7	110
15	61
6	122
10	108
12	113
3	117
7	110
1	102
7	110
9	57
7	97
10	109
17	111
3	116
6	112
9	14
1	121
1	102
7	110
3	107
7	15
6	112
6	112
17	126
3	106
6	122
11	64
6	118
10	126
7	110
7	109
1	117
16	56
12	95
14	110
7	117
7	118
2	121
6	117
10	110
10	108
10	26
16	109
12	112
10	108
7	112
6	75
7	110
1	109
23	174
7	105
5	107
10	106
12	113
6	114
7	98
10	101
1	105
4	26
6	108
7	112
5	108
7	110
7	91
1	108
6	64
7	102
1	117
1	110
13	69
2	32
6	98
6	89
15	26
3	57
6	63
6	106
6	112
10	110
14	125
18	176
4	107
6	114
6	109
4	102
7	109
3	98
4	98
15	90
7	108
3	69
6	109
6	106
10	97
22	125
11	89
1	125
1	107
10	109
7	10
4	66
7	75
6	126
6	111
1	108
10	107
7	118
6	112
7	111
1	109
6	103
7	110
14	109
7	109
1	77
10	117
10	182
10	118
1	120
3	37
10	75
4	109
22	99
6	62
1	112
6	118
16	27
17	92
8	59
12	102
6	102
10	108
5	114
6	109
6	98
6	106
6	134
6	108
10	105
10	118
10	109
22	125
12	109
7	126
3	180
1	79
16	123
7	116
7	109
10	101
7	109
7	112
6	62
6	94
7	106
1	106
11	92
7	110
4	15
8	18
13	58
6	109
6	129
10	94
7	110
7	117
7	118
16	57
6	121
6	110
6	109
7	110
7	110
12	114
9	111
20	26
6	111
10	125
7	142
3	16
6	124
4	110
7	101
1	157
10	125
10	118
3	110
6	109
3	122
2	110
24	64
6	110
6	124
5	128
6	103
6	106
6	112
7	110
1	110
25	88
7	109
7	110
9	85
10	117
10	121
13	98
7	94
1	125
2	111
5	101
6	117
7	110
7	108
12	102
10	10
10	124
10	47
6	98
6	110
7	112
7	122
5	47
6	179
7	12
4	153
4	81
2	109
6	115
6	114
10	105
7	110
16	114
4	102
12	110
7	110
12	69
10	47
10	110
6	110
7	123
6	107
16	100
16	109
6	112
10	110
16	109
6	126
6	110
6	114
1	118
16	123
6	116
10	112
7	124
7	110
4	79
4	110
7	102
1	112
21	186
3	128
6	110
7	74
7	107
4	190
12	106
7	109
7	110
7	78
8	110
25	91
6	78
12	101
14	60
7	112
10	110
6	110
7	101
4	105
9	25
7	128
6	106
21	110
1	76
6	110
10	122
1	106
12	59
7	108
6	57
10	110
4	110
6	114
5	82
12	106
6	98
10	114
25	154
23	112
7	69
6	85
7	106
4	113
2	122
21	102
3	105
10	105
4	117
12	110
16	111
3	90
3	108
6	102
10	127
8	83
6	117
13	93
1	106
20	125
7	66
17	105
7	112
12	106
7	126
6	57
7	11
3	6
3	126
12	97
21	173
2	108
1	130
9	81
10	110
19	58
7	110
10	102
13	126
12	107
7	75
4	126
16	102
10	109
16	106
6	108
10	129
7	108
20	117
23	89
7	102
4	102
4	110
1	126
3	56
12	110
6	73
10	108
10	110
22	110
7	110
7	110
7	108
12	112
9	110
4	107
7	118
7	120
7	85
1	126
1	110
6	83
12	102
7	83
4	109
10	110
22	111
7	110
16	107
10	110
7	102
22	117
10	112
7	98
16	110
6	111
10	108
11	51
7	110
6	106
10	126
6	125
21	27
10	109
10	118
10	118
13	117
6	113
6	126
7	110
10	113
6	104
6	106
10	77
1	110
7	107
2	106
6	57
7	108
10	121
11	48
6	110
6	114
14	95
20	122
10	126
16	110
15	64
6	110
13	109
9	64
13	55
6	110
6	99
6	102
4	125
7	98
20	58
7	86
6	28
7	111
20	109
10	189
17	102
12	110
7	86
7	98
12	186
10	114
13	83
20	95
6	112
4	110
14	56
14	112
13	102
6	126
10	128
7	102
5	124
10	110
12	110
4	108
4	112
8	59
8	81
8	57
3	106
6	9
6	136
7	118
7	140
7	93
6	114
19	90
10	22
18	78
7	150
4	108
1	110
6	108
10	114
7	10
4	128
6	18
14	110
6	110
22	10
22	28
4	126
12	103
6	137
10	107
10	109
1	119
6	117
7	78
7	118
1	109
10	110
7	102
7	15
3	50
6	112
23	11
7	112
16	110
7	110
4	108
6	57
17	109
3	117
10	112
22	110
10	110
1	114
6	121
15	63
1	105
12	110
10	125
1	110
7	73
7	80
7	112
7	110
10	20
12	146
6	116
3	98
7	118
7	110
20	106
6	110
6	156
10	109
7	85
24	74
14	82
10	118
7	114
25	96
1	110
7	190
10	110
4	114
8	101
3	122
25	78
16	110
6	102
9	106
7	78
6	28
6	90
6	108
3	108
16	106
7	58
7	110
6	110
11	92
6	112
4	126
4	112
15	59
1	110
12	174
16	126
6	61
7	126
2	106
6	27
6	58
7	122
12	176
5	98
10	98
7	102
1	122
6	108
7	113
7	126
7	98
6	98
4	102
7	109
7	104
10	109
7	108
20	110
10	109
17	109
7	118
1	141
10	109
10	105
4	108
1	108
1	110
26	78
14	91
7	110
12	110
6	110
10	102
10	110
25	96
12	116
7	122
7	98
4	110
3	10
4	110
7	110
10	79
7	107
7	110
1	112
7	190
9	122
7	124
13	75
2	112
4	110
6	74
13	27
6	112
7	98
8	89
6	98
10	83
6	98
7	133
4	120
1	108
6	130
10	105
7	149
7	114
7	105
7	130
7	118
6	126
1	112
9	123
6	75
7	192
13	95
6	110
10	110
6	102
6	105
6	94
6	127
6	110
6	27
10	112
4	110
20	114
22	12
10	109
1	109
3	140
6	106
7	122
5	11
10	98
4	112
7	85
7	110
6	63
4	74
7	109
10	107
6	146
20	114
6	101
12	123
10	106
6	109
4	106
6	58
10	116
4	124
6	145
7	126
1	114
13	102
7	112
7	124
12	16
6	90
10	110
10	126
4	108
6	110
12	110
6	112
1	106
6	120
3	106
16	118
10	110
1	112
5	26
6	110
7	116
6	102
3	98
4	3
12	102
12	190
16	130
10	118
5	102
6	73
6	109
7	110
7	110
6	110
7	110
7	126
11	70
13	98
6	112
10	122
7	108
4	91
1	118
3	110
12	130
20	128
6	63
6	59
6	128
6	110
6	126
7	126
7	110
4	110
1	70
3	81
3	102
3	110
12	89
16	110
2	128
20	110
6	92
11	106
15	90
26	81
18	91
25	145
23	69
23	126
7	85
1	98
24	77
12	80
11	59
15	27
6	158
10	126
6	154
7	126
10	122
7	112
4	110
16	110
6	98
2	83
1	110
5	110
6	110
7	118
6	108
7	110
12	109
6	80
10	178
10	121
13	110
7	83
7	132
7	23
16	126
6	126
7	110
6	110
10	110
6	109
7	69
12	108
6	114
10	126
10	110
7	105
13	32
12	106
6	112
3	18
6	109
7	105
10	20
7	124
12	129
7	112
3	183
12	114
6	112
1	110
16	105
10	110
7	104
7	133
12	110
10	114
6	113
6	58
1	110
16	110
12	125
17	106
1	98
12	192
6	112
13	107
16	111
7	110
12	118
14	90
7	75
12	181
16	85
10	107
7	83
1	126
1	105
16	126
6	110
6	110
10	110
13	111
12	102
7	78
13	122
9	110
3	112
16	118
6	96
6	90
6	64
10	110
7	109
4	106
20	98
6	118
6	95
6	98
12	16
14	58
7	108
9	135
10	110
7	98
7	110
1	102
3	166
10	118
2	110
7	110
6	124
6	108
6	28
10	110
6	118
9	90
7	110
7	77
14	67
2	123
7	111
7	120
1	97
6	112
3	102
6	124
10	126
16	102
10	110
13	106
6	120
7	101
4	110
10	108
6	9
7	186
1	111
4	109
4	33
14	34
10	114
7	110
7	110
6	112
1	110
6	112
7	102
21	75
11	129
3	58
10	110
7	4
3	102
3	82
7	110
10	10
12	100
10	110
12	118
7	87
17	98
10	102
7	110
2	118
6	105
10	101
6	111
7	110
7	106
12	89
6	128
10	110
7	126
7	122
6	89
6	118
7	120
1	116
10	102
11	59
4	125
9	97
16	127
10	110
14	64
7	118
7	135
7	109
7	110
7	125
4	110
4	9
4	126
1	108
1	110
1	120
1	125
13	91
3	128
12	102
12	110
12	104
6	64
6	66
6	122
6	109
6	109
6	124
6	90
6	115
6	9
6	109
10	109
22	139
17	98
15	58
19	89
6	98
10	124
6	109
10	117
1	117
6	78
6	109
21	109
10	109
10	173
7	113
12	113
6	107
10	105
10	110
7	110
5	97
6	90
6	110
6	109
6	126
10	110
10	107
10	110
7	118
8	110
20	105
6	125
7	13
7	120
4	15
6	171
21	109
10	109
1	107
1	110
6	59
6	122
7	121
3	110
16	108
6	112
3	101
3	2
7	30
2	106
7	12
22	108
8	114
3	118
10	112
7	78
1	102
12	117
17	68
20	112
6	128
10	124
6	110
7	108
7	110
4	116
1	174
13	110
6	126
10	108
3	109
12	105
10	128
7	12
7	109
7	19
10	99
1	122
1	114
2	106
10	110
7	110
6	64
2	110
2	111
6	134
20	109
13	117
12	106
5	105
6	109
7	108
12	108
6	109
6	99
10	102
7	5
4	123
1	28
6	110
6	106
6	112
10	110
10	116
4	110
3	20
7	109
3	109
12	120
16	81
6	110
6	120
6	98
7	98
6	125
7	133
7	109
7	109
1	104
12	173
6	69
7	108
4	110
6	109
6	109
7	109
7	110
1	109
12	48
10	126
10	83
10	118
10	127
7	165
6	109
6	57
6	109
10	109
1	110
3	129
12	110
6	112
10	110
7	108
1	110
7	112
1	109
6	105
7	92
7	110
16	110
6	110
7	126
11	96
7	112
7	79
6	108
6	59
6	109
1	58
7	110
6	95
6	124
6	74
7	73
4	78
3	69
12	9
24	58
26	76
9	114
6	75
4	110
3	181
12	70
6	110
10	124
7	106
1	108
16	115
6	110
6	62
3	92
12	106
4	110
6	126
10	110
6	107
6	102
6	124
10	112
7	128
24	90
13	98
7	110
14	11
1	116
4	138
6	98
10	130
6	102
6	110
6	58
15	58
11	93
7	121
4	110
1	126
16	109
10	101
7	130
7	126
7	110
1	77
13	58
12	112
10	126
6	109
7	112
6	118
12	78
6	66
3	112
12	30
20	58
25	57
7	102
7	110
13	110
6	77
4	110
1	108
1	110
25	93
4	109
10	109
7	105
1	109
6	106
6	118
1	109
6	106
11	30
3	110
7	110
1	110
1	98
13	110
9	89
6	128
6	110
14	63
14	89
6	114
4	110
10	106
7	128
7	126
7	121
7	144
16	154
8	105
1	101
3	58
6	178
6	2
6	108
1	102
2	94
13	109
10	122
7	110
21	105
10	126
10	114
6	121
10	140
6	130
7	112
6	126
7	114
7	107
10	113
8	41
7	110
3	110
6	114
18	91
1	109
14	15
7	109
4	110
1	108
14	49
7	126
1	104
12	18
7	110
1	110
1	110
17	106
14	165
7	102
7	102
10	114
10	118
10	114
10	108
7	114
12	64
6	110
7	124
6	114
6	112
6	106
1	101
13	110
21	107
7	18
3	118
6	107
10	110
1	108
9	16
3	110
16	110
6	118
7	110
24	89
16	110
7	110
13	89
10	110
6	102
10	126
7	101
7	116
1	118
1	102
10	101
7	3
6	120
6	117
10	110
7	110
6	108
7	110
4	104
3	108
2	108
6	118
10	110
4	110
7	112
6	124
10	124
13	126
5	138
6	57
4	109
6	109
13	114
26	79
26	94
5	153
10	153
15	78
25	155
23	72
15	82
17	94
15	151
7	13
6	27
18	29
6	98
7	121
3	123
6	106
6	113
10	136
10	111
9	20
10	106
7	6
10	68
6	110
1	112
7	113
7	102
1	127
1	110
12	112
6	97
10	125
10	110
6	126
24	77
10	98
10	32
15	92
16	92
16	133
6	118
6	106
10	107
3	73
7	105
6	107
1	118
9	110
6	76
10	110
16	138
6	118
6	90
1	110
13	69
8	11
19	110
7	164
6	42
1	110
2	110
22	89
7	117
19	79
7	108
7	109
1	77
7	126
7	112
1	124
6	75
10	110
7	77
4	110
6	106
6	79
13	172
7	108
1	130
13	56
10	83
13	108
12	78
7	110
4	124
6	110
5	114
1	118
3	122
24	152
4	128
12	110
6	108
6	117
7	126
1	98
7	114
7	102
11	75
7	8
7	105
6	114
7	122
7	128
3	88
7	110
20	78
4	126
1	118
6	114
7	114
1	110
1	110
13	109
7	121
1	124
4	75
6	67
13	64
6	58
14	123
6	110
3	110
1	108
6	94
6	126
7	77
3	25
6	109
6	109
7	118
7	146
1	130
9	59
7	26
6	108
7	112
3	112
7	123
5	67
6	101
10	109
6	110
10	108
1	111
11	12
8	64
6	106
14	32
14	110
7	10
6	110
10	107
10	147
9	175
3	79
20	109
10	109
4	117
5	110
10	110
7	110
1	113
6	109
7	110
7	123
3	126
12	126
5	29
10	109
4	124
12	125
6	121
4	126
15	89
4	122
6	110
7	112
7	105
7	86
6	108
6	58
3	126
12	116
6	117
7	110
10	75
1	124
7	100
7	26
1	120
20	59
10	109
7	158
6	110
16	114
13	109
16	130
24	58
14	2
6	110
10	125
9	126
10	110
17	92
7	126
4	110
4	113
6	126
7	110
4	109
10	110
12	39
3	110
12	108
16	114
10	108
12	110
11	143
14	66
7	102
12	48
6	110
7	65
10	114
6	76
7	113
7	109
3	110
20	59
10	114
19	108
8	84
9	102
6	73
11	86
6	118
6	109
12	126
4	126
7	125
7	110
7	125
1	126
4	125
1	110
12	112
6	25
6	106
13	108
5	118
6	108
18	63
4	110
4	110
12	110
6	101
14	64
6	110
7	129
7	116
4	126
6	112
1	104
10	114
7	108
7	14
6	105
19	114
10	137
10	101
26	70
2	83
7	102
6	105
3	104
2	114
10	118
7	86
16	109
6	48
6	102
17	110
6	122
10	109
10	108
23	89
7	110
7	125
13	106
6	98
6	126
13	126
9	126
5	126
23	126
12	109
16	124
6	107
10	107
10	110
3	109
9	94
6	108
5	110
10	110
6	106
11	94
23	110
3	124
6	57
3	89
6	64
7	101
13	110
7	12
13	89
16	91
6	107
6	94
6	114
4	108
1	110
13	116
3	190
6	82
10	110
7	28
7	108
13	96
7	16
13	152
7	106
24	25
7	70
7	102
6	112
7	105
20	26
3	46
6	118
7	126
10	112
14	139
7	109
6	110
17	63
7	110
5	109
9	116
7	85
24	90
20	108
1	102
6	111
10	110
7	120
4	108
8	108
1	117
5	115
4	109
6	63
6	93
10	110
10	117
1	110
1	114
7	102
3	98
7	110
5	108
7	110
3	114
7	79
10	110
7	110
7	109
7	110
10	110
4	110
5	98
2	126
4	112
12	128
5	6
10	110
6	89
1	124
6	102
6	57
10	110
10	110
1	98
13	186
6	100
1	116
6	110
10	110
5	123
10	101
7	110
7	110
1	110
6	110
6	126
6	102
10	110
16	126
6	124
10	106
7	116
15	96
19	57
6	118
1	28
9	106
14	35
12	106
6	77
10	110
7	110
1	109
6	106
6	122
4	109
7	110
6	110
7	107
7	15
20	95
6	102
7	108
7	110
4	126
1	112
3	14
6	112
6	114
6	109
6	101
10	118
22	106
7	114
7	26
4	32
4	106
7	112
6	98
1	112
1	110
4	110
6	108
3	63
10	110
23	89
16	108
16	134
2	101
6	122
6	108
7	109
7	125
4	113
1	109
5	109
6	118
11	86
7	126
7	104
4	109
4	126
12	106
2	154
6	109
6	129
8	30
8	16
8	90
8	96
1	110
6	110
6	48
10	105
1	14
10	114
4	116
1	114
3	133
6	69
10	102
10	122
21	69
10	124
6	101
6	90
6	112
7	122
4	112
1	86
10	105
7	110
16	109
16	108
16	39
5	134
6	110
5	110
6	109
10	110
1	117
1	111
5	107
7	110
5	110
10	126
12	106
1	126
4	106
6	124
1	110
7	105
6	114
20	102
6	111
10	110
3	105
10	111
13	95
7	98
2	105
6	102
6	103
7	122
6	105
9	110
10	110
7	111
4	109
6	117
7	69
4	102
1	105
10	127
7	109
6	125
12	110
1	110
7	79
7	173
7	125
2	117
6	122
10	106
4	109
12	25
6	98
7	111
4	110
4	118
7	15
12	102
13	63
16	105
7	98
1	101
16	125
1	98
6	105
7	97
7	74
13	117
1	110
3	107
4	107
10	101
10	31
7	110
6	58
2	118
10	112
4	76
7	109
3	102
4	101
14	65
9	111
6	108
4	110
4	109
5	117
11	95
10	127
5	101
24	15
6	103
7	102
7	109
3	102
7	113
20	113
4	110
4	117
8	107
6	110
7	118
11	11
1	117
7	18
7	102
4	118
16	126
10	109
6	110
10	109
10	109
1	109
7	102
16	128
10	174
24	57
16	110
12	94
7	129
3	125
5	101
16	110
14	104
7	119
1	151
10	109
17	98
10	127
20	31
6	118
10	91
25	78
7	119
16	107
6	108
1	109
3	140
14	107
4	77
3	106
1	98
3	109
8	47
7	122
4	75
4	110
7	109
3	109
6	118
6	114
12	123
5	109
6	58
1	102
3	106
10	111
7	105
14	100
3	79
4	96
12	123
10	105
12	110
12	102
6	105
6	121
16	143
16	106
2	107
10	98
7	105
20	25
7	117
1	134
10	117
10	110
16	120
3	64
3	107
7	126
7	113
13	105
9	111
10	113
7	126
10	98
7	121
3	102
12	101
4	12
7	101
8	107
23	107
7	121
4	110
13	114
10	109
6	125
16	73
16	110
7	98
1	143
1	118
16	111
6	105
6	117
16	110
7	117
1	123
10	126
4	109
13	33
10	98
10	109
10	12
5	117
15	58
4	27
6	105
4	114
16	101
7	110
10	159
14	11
10	36
10	98
1	107
6	118
10	105
10	106
4	129
4	125
4	109
10	98
8	109
7	101
5	119
12	9
10	98
14	65
7	66
7	137
7	34
7	31
7	150
7	65
12	98
7	83
9	108
3	130
12	102
6	126
6	116
23	102
7	109
3	110
7	126
6	99
13	110
12	102
10	122
10	111
17	107
10	109
1	76
10	109
6	102
10	173
6	112
1	128
3	125
3	102
4	101
7	109
6	110
6	110
7	99
1	111
7	129
14	109
3	1
3	154
6	97
7	143
16	105
6	109
10	110
14	109
7	98
2	134
12	118
6	119
7	94
10	121
10	110
4	31
20	102
10	101
12	112
6	123
10	145
7	109
7	9
6	92
6	109
6	105
1	110
3	63
10	17
1	121
3	130
4	11
15	27
10	101
7	121
10	67
16	34
16	113
6	89
1	175
10	110
7	118
2	107
10	110
1	109
6	98
3	27
6	123
7	109
7	125
16	109
23	18
13	109
6	109
10	110
22	118
12	114
7	105
7	113
4	102
4	25
7	102
10	111
7	111
10	110
1	125
1	171
10	134
4	108
6	114
3	128
6	11
3	104
10	109
10	173
4	109
16	105
1	125
16	155
16	125
6	111
6	111
25	164
4	53
6	98
8	57
6	102
4	117
6	130
10	108
1	118
10	115
10	107
7	107
5	111
4	109
6	90
6	106
7	75
7	73
1	85
6	8
1	109
6	111
4	149
13	135
5	101
5	110
10	173
5	178
1	109
10	20
7	117
10	70
6	85
10	122
7	124
3	108
15	63
7	108
6	75
6	85
7	102
6	98
7	108
12	122
7	73
10	110
7	106
7	110
12	130
6	126
10	114
4	110
15	89
2	109
10	102
12	100
20	114
4	125
16	109
2	107
7	118
7	110
6	57
7	110
7	110
7	137
4	27
4	110
3	107
20	107
5	118
6	110
6	77
10	107
7	149
1	108
1	107
10	185
8	32
12	14
7	112
10	74
4	114
6	110
10	98
22	114
15	95
23	77
6	121
10	97
14	96
6	97
6	148
10	133
10	104
7	125
16	112
4	102
4	98
3	131
6	98
10	65
10	112
2	109
10	107
4	110
1	102
4	77
6	118
20	126
10	114
1	106
7	112
6	109
10	108
10	119
7	119
4	109
1	98
6	109
22	110
10	78
5	110
3	77
6	108
4	110
15	64
11	96
16	26
3	77
6	105
2	112
21	126
7	126
7	77
7	110
7	108
6	126
7	126
10	116
22	101
3	110
6	112
10	102
7	74
16	102
10	102
4	109
14	76
1	126
4	114
6	106
20	110
6	100
10	136
7	126
7	125
4	118
1	129
12	112
10	110
7	100
7	109
4	109
6	107
20	110
4	110
5	126
17	97
10	110
14	64
7	128
3	110
6	110
6	119
10	110
10	98
1	110
6	181
13	118
5	106
5	118
12	108
4	112
7	77
13	78
13	117
14	41
2	114
4	98
12	102
3	110
5	125
10	110
3	100
12	12
13	126
7	77
7	107
4	101
2	110
10	109
1	67
7	15
7	110
19	30
6	58
10	114
22	112
7	77
4	110
7	110
6	89
6	61
14	89
7	114
7	16
7	124
8	102
6	114
15	24
23	179
16	84
10	108
7	124
7	110
7	174
15	96
14	11
17	91
7	126
6	109
7	68
16	105
6	110
12	106
6	98
10	25
10	126
10	128
3	23
6	130
13	57
1	143
13	122
5	105
7	104
12	165
12	101
6	117
6	113
6	109
17	100
7	109
8	23
20	62
4	124
13	117
6	126
11	75
12	126
6	4
15	63
15	63
8	99
10	47
3	52
7	76
6	117
10	78
10	110
10	109
7	102
7	12
7	112
7	109
4	128
2	112
10	109
25	78
6	102
15	85
10	107
24	27
6	103
10	110
24	85
7	15
7	125
7	76
6	102
6	109
12	100
6	150
3	77
3	117
23	86
1	117
7	109
12	114
25	58
12	108
6	105
6	110
10	98
6	98
7	103
6	135
1	109
7	110
6	94
6	111
4	125
6	106
4	78
16	102
6	78
10	138
7	109
6	125
6	12
6	110
6	114
6	114
22	156
7	97
2	129
7	113
6	110
3	110
10	104
6	98
23	65
23	20
10	110
3	106
6	112
6	118
7	106
7	74
7	107
4	81
10	114
10	116
22	39
7	126
13	114
6	126
4	107
9	68
10	10
10	126
7	108
12	110
5	105
7	111
7	110
6	110
6	110
6	78
7	110
6	110
10	118
24	18
24	91
6	60
22	98
4	110
6	112
12	114
6	67
12	76
6	77
7	153
7	110
7	112
1	122
1	20
13	138
12	110
2	126
2	73
2	102
6	98
7	146
6	118
6	146
1	110
6	110
6	110
6	114
15	89
9	59
10	110
7	107
4	118
6	97
1	101
16	114
4	121
7	122
7	73
1	118
2	112
6	126
13	26
10	110
10	100
23	15
7	124
1	118
12	124
6	90
6	112
10	110
9	69
16	111
12	126
10	16
7	105
12	114
6	109
10	110
7	109
6	113
6	117
10	125
1	109
13	109
6	90
6	124
1	70
12	60
6	93
1	110
13	63
12	110
6	49
6	112
3	83
3	102
12	112
7	111
6	117
6	110
10	121
7	181
7	110
13	105
1	108
16	104
2	111
3	106
8	96
3	65
7	125
7	98
10	118
3	105
10	110
4	114
13	118
7	182
4	126
19	100
12	136
2	106
5	108
1	112
6	106
7	84
1	146
10	110
3	108
4	111
1	106
7	114
7	32
1	105
24	66
18	29
6	113
7	78
7	126
6	105
10	98
1	117
1	125
6	76
6	118
10	118
7	110
14	92
14	58
19	91
7	69
1	110
1	117
6	110
6	64
6	108
6	108
10	126
7	106
8	4
10	100
7	118
9	18
9	89
9	89
2	114
14	110
2	104
10	112
7	110
7	108
6	107
6	126
10	110
4	124
12	3
6	112
6	9
7	109
4	126
1	106
7	102
14	127
7	19
8	87
6	106
10	114
5	89
3	77
4	109
3	22
20	99
16	70
6	112
6	108
24	90
24	28
7	109
3	61
3	101
4	109
7	109
7	111
7	124
4	142
6	109
15	90
24	90
6	95
6	118
7	15
6	98
10	124
7	122
10	100
4	124
10	102
7	94
10	128
6	107
6	106
6	91
7	110
6	108
7	108
4	110
9	174
3	110
6	106
10	146
6	112
10	108
10	98
6	118
10	110
7	85
6	78
6	106
2	112
4	110
13	110
8	166
6	110
4	118
3	110
7	108
10	98
4	114
3	110
22	70
7	110
12	110
4	110
3	98
14	96
7	114
1	107
1	110
3	110
6	110
10	110
4	97
3	108
12	130
15	90
25	90
6	109
23	122
13	32
7	106
16	110
6	112
6	190
6	110
10	109
10	109
15	94
7	112
3	110
6	59
6	110
7	126
7	98
6	110
6	64
16	110
10	114
7	112
7	86
6	118
10	122
7	86
6	89
10	106
10	110
5	57
21	111
23	106
10	105
6	98
6	110
12	102
7	110
8	110
12	102
6	126
7	109
9	125
12	108
6	95
10	117
10	108
4	105
15	33
4	133
6	113
4	110
1	110
1	121
1	110
6	110
10	105
10	110
23	110
1	101
3	109
12	109
6	105
6	105
10	106
10	112
7	13
6	118
19	12
4	110
1	100
10	110
13	62
3	118
4	106
6	110
5	93
12	105
7	11
7	103
16	106
6	102
12	110
12	126
15	75
4	102
1	122
9	112
6	110
6	164
10	106
10	4
1	109
2	24
6	100
7	118
5	108
23	66
7	112
5	110
6	106
7	110
10	113
7	75
6	110
7	114
7	103
4	118
2	128
6	112
6	89
6	110
10	4
7	110
6	115
6	112
1	112
3	114
5	110
6	118
24	89
4	146
3	110
6	14
10	110
2	128
7	110
1	110
6	63
6	130
6	112
7	103
13	108
6	102
7	108
4	77
7	110
6	110
7	86
7	114
3	98
6	106
6	110
10	112
10	102
10	110
10	114
18	26
7	110
6	110
7	147
10	110
6	107
7	118
7	110
7	118
16	101
6	114
10	134
15	29
1	108
6	108
3	77
7	110
6	57
6	124
15	58
13	63
13	89
6	110
7	73
7	27
14	96
10	110
7	110
4	106
7	118
5	75
6	124
6	110
7	126
6	106
10	108
10	108
24	82
12	114
4	100
6	112
1	95
4	110
6	126
10	122
20	110
7	30
7	110
7	118
7	108
7	110
7	110
1	108
6	110
6	126
7	110
7	116
16	108
6	110
6	101
10	109
10	110
7	108
12	118
12	91
12	110
7	110
13	10
6	117
6	126
6	117
7	108
7	108
7	118
1	110
6	110
6	124
10	22
10	118
10	109
1	124
6	63
6	98
7	126
7	16
1	112
10	32
9	85
7	106
6	57
6	102
4	122
7	126
6	96
20	102
6	125
14	89
9	109
3	19
6	112
3	87
4	130
7	70
7	110
6	110
6	105
6	102
3	110
6	57
10	118
4	118
4	126
12	112
6	118
10	118
4	95
7	75
10	110
10	108
10	142
5	112
7	119
3	161
10	128
12	102
20	110
6	57
3	114
12	69
10	108
6	112
4	126
7	111
6	114
7	176
7	110
4	126
1	102
1	112
1	108
16	128
6	118
6	109
7	102
10	110
1	110
6	78
6	110
12	110
7	144
6	110
1	124
15	68
6	99
10	117
4	105
4	118
10	110
13	120
10	110
15	90
12	63
4	110
4	98
1	110
3	110
10	110
6	97
6	126
7	108
12	109
7	110
6	138
16	85
7	78
24	57
7	110
4	116
14	81
7	114
7	79
6	106
3	61
6	110
6	114
3	95
7	112
1	144
7	110
12	102
4	118
1	110
24	69
4	46
3	112
6	58
7	27
4	125
8	121
6	125
10	102
7	75
7	69
4	110
14	89
1	126
6	110
19	91
6	106
6	57
2	154
6	121
6	109
21	17
12	100
4	110
13	63
6	62
6	110
19	86
10	180
1	112
7	102
6	126
7	124
6	112
12	109
13	154
6	124
12	74
6	118
7	110
4	105
25	64
8	108
16	110
10	114
7	122
7	100
6	110
21	110
10	110
7	110
7	78
6	69
10	110
7	110
16	101
10	128
2	110
6	25
4	114
3	110
12	134
6	93
7	114
2	100
6	104
10	110
10	141
7	78
7	108
7	109
20	112
7	109
7	106
2	104
12	153
7	110
7	105
7	105
10	105
16	98
10	110
4	110
12	110
19	94
13	110
1	176
7	98
2	108
7	110
10	98
4	120
7	110
6	117
3	2
10	144
16	112
6	108
6	120
22	102
4	110
4	103
5	127
10	124
20	20
6	99
16	103
10	97
3	125
1	110
7	110
4	108
1	110
6	110
6	109
6	77
13	102
1	105
7	93
1	122
19	64
7	70
1	108
9	106
12	31
19	92
6	108
19	86
7	108
2	102
12	79
20	114
6	110
4	101
3	111
5	126
10	105
7	110
4	102
12	102
10	110
16	186
25	80
7	110
7	122
3	108
12	57
20	124
5	107
6	116
18	69
16	117
7	118
7	117
10	175
14	158
10	126
1	126
3	59
12	109
10	108
10	118
7	77
10	106
7	20
6	128
4	110
6	57
6	16
1	134
6	98
10	110
23	94
7	126
7	105
16	135
4	108
1	102
10	182
10	3
6	110
7	110
6	110
10	31
3	95
5	102
6	100
6	109
6	109
7	109
14	90
6	105
7	126
7	101
4	110
6	95
7	98
6	109
7	78
1	108
13	92
6	98
10	124
6	58
16	110
15	33
7	86
9	108
6	111
4	91
12	98
6	126
7	109
7	73
4	108
12	105
6	110
6	104
6	112
6	28
6	102
6	83
7	78
2	110
2	121
10	112
7	126
6	79
6	108
7	77
7	85
11	63
10	63
7	9
7	102
6	109
17	112
7	128
8	50
10	98
4	108
1	126
7	126
7	85
6	124
6	91
10	83
6	110
10	112
12	83
6	110
3	57
12	140
6	95
6	95
7	80
6	94
9	110
7	70
9	73
9	57
9	94
16	112
2	126
20	111
20	25
6	126
3	114
10	102
6	109
4	126
10	110
1	123
6	101
15	59
7	114
22	122
7	110
6	106
6	112
6	118
3	150
12	94
1	11
5	98
1	110
7	112
7	126
5	171
15	28
13	136
7	108
6	105
7	110
6	102
3	114
6	58
7	109
1	98
3	114
20	147
10	111
17	98
7	138
12	121
12	110
12	101
5	106
6	152
10	20
6	43
6	89
7	117
9	107
10	117
6	110
21	120
7	110
1	110
12	97
4	102
10	114
5	98
10	112
6	8
7	93
6	32
3	92
18	28
7	95
12	73
6	82
6	117
10	112
10	145
12	108
19	89
1	110
7	122
9	110
5	57
6	126
14	10
7	110
3	116
7	118
5	75
7	100
7	112
1	106
2	136
10	105
10	38
10	99
10	117
18	85
6	95
10	110
7	106
13	58
7	102
7	149
6	130
6	112
9	110
6	126
4	123
1	109
6	108
10	111
6	118
10	110
25	58
7	110
10	98
10	112
7	110
3	118
7	73
12	118
10	110
7	98
10	116
7	190
4	110
4	112
10	126
10	118
10	102
7	126
6	106
10	65
7	112
14	64
9	90
9	92
12	122
12	110
14	56
7	115
6	109
12	118
10	102
7	102
4	122
6	110
10	152
1	126
6	112
10	110
7	70
6	110
10	110
1	110
4	152
7	110
7	120
12	110
6	91
19	96
4	126
25	67
7	122
7	98
6	102
1	112
2	124
12	98
10	110
20	108
24	43
1	126
7	110
1	109
13	110
16	110
6	5
7	124
6	104
7	126
1	126
7	154
7	110
6	77
15	64
7	110
6	126
19	130
6	108
10	110
1	110
6	115
10	28
7	110
7	118
6	118
2	110
7	77
7	118
4	102
1	128
6	110
6	130
6	64
7	110
7	110
6	64
6	106
10	114
10	78
2	138
10	126
10	126
25	93
7	106
7	110
7	106
6	106
10	130
11	89
6	57
12	126
7	110
7	122
10	66
16	122
6	110
7	70
16	109
5	102
1	137
25	86
15	31
7	124
8	139
12	110
6	3
7	101
1	118
13	77
15	40
11	115
7	126
1	110
4	110
9	80
4	112
7	125
6	112
7	110
9	59
6	122
11	188
25	64
6	69
19	32
6	110
6	126
6	102
7	118
18	67
6	124
6	106
4	110
1	110
7	101
4	101
13	109
4	110
8	106
1	129
4	140
10	110
6	110
4	110
4	110
7	192
7	21
6	110
7	106
6	59
6	98
12	55
10	102
2	126
1	110
19	133
3	86
10	125
7	79
1	105
9	107
9	117
12	105
10	110
18	7
1	109
1	110
3	57
7	130
7	13
10	106
7	126
13	7
10	112
4	102
10	110
4	106
1	162
7	112
4	110
6	112
10	126
10	126
6	1
6	110
10	87
4	109
13	94
6	128
6	126
14	79
6	110
3	10
6	84
16	126
19	126
7	107
7	121
4	99
4	110
13	109
5	117
6	109
6	117
10	110
10	109
3	121
6	10
7	114
7	110
1	124
4	114
7	165
6	112
10	109
10	117
7	118
5	70
6	142
6	95
7	106
7	112
1	110
6	134
6	106
6	190
6	89
16	112
6	110
6	3
7	106
15	89
19	64
7	110
7	81
2	109
2	98
6	97
10	128
7	112
6	146
6	17
7	118
7	75
7	91
7	110
13	192
10	108
10	109
7	128
6	124
6	92
7	174
7	122
13	92
1	109
7	106
7	110
6	87
14	40
3	126
12	82
25	90
6	126
10	126
13	149
10	144
12	32
6	112
10	64
7	75
6	66
10	109
6	78
10	113
10	126
8	112
7	125
7	108
20	32
6	101
6	110
7	109
10	105
6	106
6	110
14	13
10	110
7	80
4	102
7	86
7	117
4	107
6	110
5	90
6	110
6	110
6	57
7	110
1	110
7	114
15	60
15	90
15	181
16	112
7	158
16	100
8	27
3	51
5	118
6	110
4	101
4	109
13	109
22	172
7	117
4	109
1	128
6	126
10	110
10	130
7	110
4	130
4	91
10	122
6	41
10	110
7	110
6	57
3	58
6	118
6	112
6	128
7	15
4	9
3	45
3	100
6	80
6	110
13	116
14	92
4	110
10	5
1	97
10	119
4	106
7	106
1	106
7	110
10	110
7	110
1	112
1	102
1	106
1	106
6	122
14	110
7	108
8	70
7	110
6	110
6	118
4	126
6	106
1	112
11	57
25	90
13	89
6	110
13	126
3	106
7	101
7	126
5	128
10	121
4	74
1	114
7	16
6	106
10	110
10	110
6	110
14	19
22	176
26	130
3	179
3	142
3	17
7	108
7	124
4	110
12	112
3	142
10	117
6	110
7	15
25	112
12	50
7	106
7	81
6	110
6	112
7	110
1	122
5	98
1	137
12	131
12	109
6	121
6	12
10	106
10	128
6	112
7	94
12	10
6	109
6	109
14	32
6	114
7	78
7	118
6	126
23	88
6	102
10	9
1	109
6	113
6	108
17	112
7	109
7	123
1	106
6	57
6	118
7	75
1	110
1	141
1	101
6	110
10	109
6	112
14	26
7	106
7	43
12	98
10	102
4	110
19	58
12	112
6	110
21	126
13	48
7	112
7	110
7	112
7	110
8	70
7	112
1	102
10	142
10	124
7	158
10	122
1	102
6	107
10	108
1	110
12	45
7	112
6	31
11	64
10	162
10	126
6	124
6	110
6	110
1	130
12	63
7	124
7	112
7	110
19	96
14	159
13	13
3	45
7	114
4	112
6	94
24	64
6	94
10	145
14	78
7	110
6	85
6	110
6	101
7	102
7	89
6	117
1	145
2	110
6	117
6	112
10	105
16	112
5	10
5	28
4	118
12	109
6	117
10	117
10	131
6	109
18	44
18	80
6	106
10	112
20	128
1	118
7	109
6	110
7	107
6	58
6	122
10	112
6	102
6	117
13	77
6	63
4	85
7	125
7	4
9	91
6	125
21	101
6	110
7	112
10	116
10	105
4	109
9	23
9	24
3	101
6	109
7	128
6	98
10	114
16	126
7	109
7	110
7	109
7	102
4	101
1	102
5	109
6	73
10	110
19	78
7	125
7	101
7	182
7	110
4	110
4	110
4	101
1	110
1	109
13	24
9	85
9	20
12	106
16	101
16	15
6	125
6	129
6	31
6	110
10	117
10	86
23	78
7	130
7	65
9	23
9	113
3	125
16	118
16	102
4	109
10	112
4	110
3	97
3	119
12	109
10	120
7	118
7	106
6	102
7	110
7	110
7	117
1	106
5	110
10	126
17	94
10	172
6	110
6	107
10	121
14	73
1	109
9	114
10	110
17	11
17	113
6	110
26	49
7	102
20	85
7	102
6	110
7	110
7	78
1	110
6	106
25	94
6	60
6	110
15	93
3	24
20	110
13	81
15	64
10	110
6	63
7	109
7	102
6	90
8	182
12	108
1	77
3	83
6	110
12	44
13	64
6	108
6	102
15	89
6	89
12	126
7	118
7	110
6	110
4	109
4	106
10	110
7	105
12	73
6	77
7	98
3	120
6	89
7	48
7	53
7	108
4	67
4	98
6	102
6	3
6	110
10	110
7	102
7	69
6	116
17	94
6	118
10	77
6	113
10	113
19	94
6	122
6	28
6	63
2	122
12	113
7	112
8	126
1	102
7	28
13	4
4	118
3	81
2	109
5	107
6	118
6	107
7	82
7	112
10	126
10	110
7	117
4	100
3	118
12	110
6	123
10	117
7	106
7	101
4	98
6	112
6	108
10	106
10	106
10	28
1	109
12	117
7	123
21	17
10	173
10	158
1	109
10	76
4	114
6	108
6	126
12	153
6	103
7	104
12	110
6	98
21	108
10	123
18	63
14	112
14	92
6	110
7	104
7	108
6	14
6	104
10	146
7	114
10	112
10	110
7	126
13	108
16	112
6	97
7	111
24	94
8	105
13	64
12	113
6	117
7	77
7	74
7	69
17	78
12	100
7	112
10	110
13	86
2	98
6	108
6	110
10	55
10	124
10	110
1	110
16	108
6	108
10	117
6	60
6	89
10	108
7	101
7	110
7	110
4	114
9	75
7	101
6	106
6	102
6	63
6	106
10	124
7	110
3	114
6	120
16	130
6	100
6	110
6	125
6	90
1	110
7	110
4	110
6	63
10	106
17	102
6	125
7	99
3	103
6	107
6	110
6	106
7	107
10	127
7	126
7	97
4	116
6	125
6	106
2	106
20	106
6	110
6	126
6	102
6	108
10	103
10	110
4	114
6	118
6	126
7	9
7	110
7	118
4	112
7	110
1	105
12	107
6	110
7	78
1	117
7	108
7	108
4	101
7	97
6	102
10	110
7	110
6	126
6	108
10	79
15	26
6	106
24	130
7	73
7	51
4	20
3	15
3	19
6	118
1	107
16	123
16	113
6	105
9	106
7	108
4	102
21	102
10	101
6	109
6	109
6	111
5	98
10	113
21	126
10	97
12	125
6	102
7	110
4	112
4	130
4	186
15	32
4	73
1	115
16	112
10	118
4	126
10	77
16	110
6	57
10	110
4	112
16	128
20	122
4	90
9	90
6	93
7	118
7	110
7	105
7	106
6	112
4	118
1	112
2	110
7	112
7	110
15	32
16	78
24	92
5	105
3	62
6	57
1	108
12	106
7	118
6	110
6	32
10	106
7	110
13	58
6	106
7	109
1	109
6	62
9	90
4	83
6	112
10	112
7	106
1	101
6	58
5	22
6	77
10	60
7	124
10	110
26	77
25	63
9	118
6	95
6	100
10	126
22	126
14	63
7	133
21	174
10	122
10	110
16	108
6	123
7	77
23	69
6	60
7	110
1	112
20	101
7	126
3	109
1	105
7	110
6	128
6	80
7	77
10	110
14	12
7	113
7	120
4	77
6	105
6	77
6	79
7	28
8	77
12	108
13	77
6	109
6	108
6	110
6	73
15	57
7	85
6	124
6	110
16	98
7	109
6	109
6	109
7	102
7	77
6	110
6	118
15	77
16	114
7	109
10	124
7	152
3	97
3	100
3	58
10	126
6	126
7	20
6	91
6	162
3	58
5	110
17	126
4	10
10	109
4	116
7	110
6	110
6	126
1	110
12	111
6	102
1	109
3	118
12	75
4	101
10	109
7	12
3	109
12	118
7	76
7	109
6	105
7	116
13	78
24	94
6	91
7	126
1	142
4	109
10	129
7	108
1	110
7	110
7	130
7	108
4	102
6	110
24	92
6	112
4	150
6	110
4	43
4	126
4	109
10	109
16	15
6	58
6	26
12	101
1	112
7	110
7	112
2	94
4	110
7	108
7	142
6	111
20	87
12	45
5	69
10	130
14	20
7	100
10	102
6	109
10	110
6	118
7	126
6	137
6	108
10	112
3	110
10	125
6	102
10	110
4	98
7	110
5	10
5	92
10	118
2	104
20	98
6	125
7	118
8	116
6	83
7	108
6	101
1	102
1	25
6	75
7	144
6	116
10	126
1	128
7	105
10	118
7	111
5	111
6	191
6	170
20	105
4	109
1	121
10	117
4	113
22	68
4	110
10	110
6	109
6	111
8	110
1	90
10	26
7	117
6	109
10	112
7	110
3	142
7	102
6	102
13	107
6	121
7	101
8	43
6	94
6	113
7	79
3	53
4	118
3	102
7	108
4	32
7	122
4	124
6	32
13	89
6	102
1	110
7	16
4	126
1	110
4	117
6	77
7	101
7	122
19	130
1	106
10	110
7	110
7	107
9	83
25	76
7	143
7	106
4	118
6	110
6	73
4	127
1	107
16	109
6	58
7	112
16	102
4	114
1	102
13	110
10	102
13	99
1	109
1	121
13	58
23	108
7	108
7	129
12	158
12	124
12	102
10	125
4	108
7	110
2	110
7	110
5	106
7	109
6	109
23	112
10	111
6	117
4	109
5	114
6	91
14	32
7	112
1	106
16	127
22	102
10	102
19	77
6	126
9	95
6	79
12	110
4	108
6	62
4	110
21	102
1	105
16	110
5	120
3	120
10	126
6	126
12	95
16	95
13	110
6	107
10	114
6	43
4	110
6	110
20	111
7	111
10	142
12	110
10	110
6	109
12	110
16	112
16	106
10	126
7	122
4	110
1	84
16	114
6	31
6	111
10	110
12	107
6	85
22	78
6	61
6	61
3	90
6	109
13	60
10	126
1	110
7	126
12	128
5	58
12	124
7	110
10	111
7	28
4	110
10	118
10	123
13	109
4	122
12	110
12	79
16	106
6	58
7	101
1	110
4	74
7	110
7	109
5	110
6	74
6	58
21	110
1	124
7	109
7	118
7	108
6	124
6	97
6	98
1	110
6	114
7	105
1	108
1	101
6	113
6	110
7	110
7	14
2	105
6	106
22	109
10	117
10	110
6	110
10	21
10	52
7	92
7	101
7	101
4	109
1	113
16	148
7	105
7	117
7	109
11	38
3	53
6	110
24	89
24	70
7	121
4	109
6	130
24	86
6	118
10	142
6	79
6	110
6	128
4	102
10	85
7	123
7	117
4	118
13	107
1	117
12	125
7	69
6	110
10	98
10	134
6	107
4	106
13	101
20	121
6	110
6	117
6	105
1	112
13	25
5	116
23	112
1	112
6	113
10	106
6	28
6	110
7	69
6	98
14	109
6	37
10	90
7	151
5	97
6	105
6	102
2	39
7	110
11	84
7	110
4	110
1	104
6	102
6	110
14	132
16	114
16	122
7	110
12	29
7	104
16	136
20	59
8	102
7	107
6	130
10	126
7	100
7	104
7	112
4	112
4	114
1	126
10	120
6	120
7	126
10	126
6	154
11	58
1	124
1	108
6	104
25	96
1	110
13	111
7	77
10	100
7	110
6	122
7	110
14	64
6	102
5	4
5	10
7	118
7	110
4	110
1	110
4	110
6	89
1	112
10	110
10	114
7	108
10	114
6	98
6	126
7	118
6	58
10	109
16	86
12	108
7	9
12	118
6	103
4	110
10	110
7	110
2	110
6	110
12	68
6	107
7	110
2	110
10	102
17	118
7	118
22	105
1	110
7	73
20	110
23	108
16	124
2	110
7	98
1	110
12	110
10	118
1	106
6	126
3	13
9	61
7	102
6	100
6	110
6	106
10	114
6	98
10	124
6	112
7	15
6	110
10	106
7	108
9	118
10	110
13	31
10	98
14	128
7	76
1	101
10	101
7	174
6	92
10	44
14	88
10	85
10	108
10	110
7	110
4	110
6	130
10	75
7	114
6	41
7	114
7	16
4	101
6	115
6	77
23	109
12	110
10	117
7	101
6	110
10	135
3	30
4	3
1	100
6	75
6	118
10	126
24	89
4	110
14	58
13	128
6	116
8	45
12	81
7	108
4	126
10	109
4	122
1	110
7	118
4	118
10	108
3	85
6	118
14	95
7	110
6	112
6	126
19	64
7	11
1	102
6	101
3	32
20	106
14	40
7	114
13	98
21	154
10	106
7	172
13	110
3	110
7	109
7	103
7	123
4	112
1	99
6	119
6	110
7	81
7	88
25	70
10	110
7	114
12	126
10	118
20	105
10	113
7	110
6	61
7	11
10	124
2	102
10	106
6	109
10	108
6	122
7	154
7	100
7	76
6	113
13	46
1	152
16	148
6	110
6	113
6	85
6	114
10	128
3	126
12	111
26	19
6	110
10	110
16	119
17	112
13	108
7	101
9	110
12	4
10	118
10	114
10	110
10	110
22	110
24	81
7	80
7	109
6	112
6	106
6	113
7	126
6	66
7	110
1	123
6	60
10	3
10	126
6	66
7	98
10	109
10	110
3	125
4	77
7	118
7	101
4	130
4	70
8	127
1	128
2	110
6	110
6	122
7	32
7	108
1	124
6	57
7	14
7	152
4	108
4	110
1	80
6	102
7	18
13	90
13	42
10	126
19	108
25	77
7	85
7	126
7	110
1	98
6	110
10	110
7	126
12	121
10	120
10	118
6	110
6	63
10	118
4	106
1	106
25	69
7	110
5	73
6	73
19	59
12	117
7	110
6	98
1	112
16	31
16	125
16	110
10	110
7	110
11	64
5	122
6	106
9	189
7	118
2	155
6	112
7	86
5	70
10	124
10	110
14	110
7	110
6	110
16	94
12	116
6	116
7	102
6	118
7	106
12	110
5	124
4	102
1	106
6	102
10	146
10	110
10	134
7	117
4	109
4	97
4	99
1	98
3	115
6	109
6	110
10	19
10	73
10	75
10	110
25	150
6	25
6	117
12	110
13	110
6	110
2	105
1	120
6	101
12	89
7	69
1	106
2	112
2	124
10	109
4	110
14	2
2	110
10	85
4	114
19	28
19	64
10	102
5	104
12	110
10	102
10	18
7	12
10	110
7	116
6	113
6	109
10	109
8	120
1	109
3	76
6	114
6	101
22	129
10	124
2	112
16	112
20	106
6	4
6	114
6	28
19	89
18	25
25	63
1	101
10	106
10	110
6	124
14	102
4	108
6	77
19	102
23	126
8	58
4	110
6	91
22	110
7	110
7	118
4	118
12	122
12	35
6	110
6	3
6	129
10	107
11	58
7	110
22	126
3	114
6	106
6	110
21	167
3	27
7	113
10	122
7	108
7	121
10	6
12	134
7	110
21	158
6	98
1	125
7	110
21	110
10	126
1	63
5	112
6	64
6	102
5	108
7	78
8	110
10	91
6	53
10	110
6	125
10	110
16	110
6	122
10	100
24	32
24	64
1	158
6	85
1	76
6	110
3	122
3	110
3	116
12	141
9	117
6	108
10	110
10	66
10	114
10	109
6	60
6	58
7	110
7	110
3	82
7	126
10	109
14	75
3	34
12	114
10	110
6	110
7	85
1	118
6	114
6	106
6	126
1	106
6	112
7	4
1	110
6	128
16	110
7	106
6	109
6	109
5	110
6	153
10	109
12	124
6	108
10	111
10	83
7	31
7	128
6	113
8	112
1	77
10	108
9	32
6	109
7	100
7	110
1	108
7	126
7	126
7	11
6	63
7	98
14	90
1	112
6	105
12	70
4	110
6	122
15	63
12	102
16	106
5	108
8	110
1	111
22	78
7	110
16	65
6	103
6	56
25	157
4	98
6	64
12	110
4	112
7	108
13	16
1	102
6	106
7	103
6	78
7	102
7	109
7	80
7	112
4	128
4	124
1	108
3	110
16	126
6	114
6	110
6	110
6	124
6	26
10	174
10	118
10	90
11	60
25	78
7	122
7	112
13	143
13	96
3	110
2	128
2	110
6	104
17	126
7	76
5	105
4	102
13	112
12	110
7	110
10	110
4	112
1	126
6	104
1	123
14	124
7	122
1	102
2	106
7	118
4	92
2	190
2	98
7	109
12	43
4	109
7	111
6	111
6	112
6	58
8	134
7	118
6	111
18	57
1	112
13	64
13	32
6	110
10	100
13	91
10	125
7	106
24	90
19	92
7	114
6	110
6	102
10	109
10	114
15	96
15	64
1	109
12	109
7	28
7	98
11	32
6	118
6	91
4	112
4	108
1	102
7	110
6	112
22	109
4	117
6	97
3	110
7	118
10	166
4	110
14	16
7	110
4	121
8	110
1	126
3	110
3	105
12	125
6	108
6	90
6	117
6	122
10	2
10	126
6	110
10	106
23	110
7	126
23	116
4	110
6	105
6	124
12	114
14	155
4	110
6	102
1	109
3	135
6	64
7	11
7	122
7	114
1	98
24	63
7	112
1	118
13	64
18	90
7	118
4	122
7	124
4	130
7	113
7	110
4	161
10	118
21	98
10	101
3	100
15	89
15	90
10	125
6	106
21	122
1	108
6	133
15	93
6	57
6	62
12	142
4	102
10	80
7	108
7	108
7	78
10	108
7	69
10	110
3	23
12	76
12	76
15	57
7	111
13	18
15	96
7	110
7	98
4	110
7	110
10	106
6	75
20	74
1	140
20	110
6	110
19	106
10	110
1	110
10	114
7	110
7	110
12	5
6	118
6	103
6	118
12	102
7	126
7	77
6	126
10	110
4	97
3	111
7	118
6	117
7	109
10	109
7	125
3	128
23	121
25	96
25	90
12	110
16	110
10	59
6	64
5	40
5	144
5	128
5	124
5	32
15	89
7	110
7	118
4	110
4	110
16	112
10	126
4	110
6	190
10	112
7	110
6	92
6	110
7	97
6	128
3	132
6	116
10	102
6	117
10	109
16	109
7	105
8	122
5	130
10	118
7	111
7	102
13	71
5	101
15	89
6	118
7	97
7	70
6	114
10	114
7	110
3	31
6	98
6	102
6	117
7	110
7	110
6	127
19	88
7	109
13	110
6	112
4	110
7	106
7	110
7	156
1	69
12	80
10	106
6	110
14	109
16	92
6	78
6	108
6	106
24	93
4	117
1	111
9	125
7	109
16	109
6	129
10	181
10	125
7	129
7	110
7	105
7	69
6	110
7	110
7	110
4	110
10	109
7	57
1	101
6	110
17	113
6	118
7	108
13	122
6	176
15	28
18	57
7	106
6	112
6	109
6	110
10	118
22	99
11	66
5	142
7	90
7	111
7	105
12	109
6	142
12	119
12	110
6	113
10	127
17	8
17	96
4	122
1	89
6	116
6	112
10	114
7	77
9	104
6	113
10	120
6	110
10	118
7	106
10	41
7	110
1	110
10	102
7	109
7	110
10	112
10	107
4	105
5	28
5	74
10	110
2	110
6	106
7	110
6	118
10	110
7	122
10	126
7	105
13	64
10	126
1	114
5	122
1	110
2	114
3	15
6	118
10	110
7	136
4	107
13	109
2	109
6	110
6	125
10	126
10	119
7	172
6	126
6	113
17	110
10	117
1	110
10	110
7	108
6	126
11	64
25	63
6	110
12	126
6	109
1	109
14	85
6	117
7	110
12	110
21	108
6	59
6	125
6	73
3	170
6	110
7	117
7	106
4	118
10	110
1	114
18	150
4	110
6	93
6	102
6	110
6	77
7	92
20	89
6	110
4	109
8	113
6	92
7	83
4	79
10	109
10	107
6	79
7	98
6	98
4	68
1	110
3	77
12	134
5	110
6	110
10	126
6	110
6	126
6	108
6	114
23	126
7	110
2	174
10	108
7	174
6	128
19	16
8	69
7	111
6	113
7	104
7	100
13	105
3	100
22	108
4	67
20	61
7	124
7	100
3	126
6	16
6	106
7	106
4	110
6	110
10	106
12	42
7	105
7	103
12	105
6	125
10	122
6	122
7	157
10	110
3	64
10	121
7	98
6	114
10	109
7	127
7	127
7	118
16	113
7	110
6	111
20	93
20	9
18	90
7	109
3	159
10	110
7	121
6	128
21	126
6	109
4	22
7	110
1	125
12	109
6	113
7	128
6	122
14	47
10	118
6	108
4	120
10	126
15	57
15	57
7	110
4	124
3	114
6	110
7	160
1	110
13	128
9	100
10	110
10	126
10	98
10	110
6	108
12	118
6	76
10	109
7	124
7	86
1	110
6	109
4	111
10	109
12	121
7	110
7	74
7	174
13	63
1	110
15	89
7	86
10	125
10	126
10	110
6	91
7	126
7	109
1	128
10	64
4	130
10	114
11	64
6	112
10	16
7	125
6	109
8	91
12	118
14	36
6	114
6	118
7	117
7	115
6	125
10	109
6	90
4	99
10	98
13	58
10	102
6	11
10	105
7	105
2	128
18	61
6	108
4	114
17	95
16	126
6	112
6	57
7	130
15	65
15	95
15	89
7	102
1	109
10	118
1	108
10	104
10	114
10	110
7	107
10	97
6	110
7	110
7	142
7	116
9	112
6	108
7	65
6	112
5	119
7	113
1	113
6	76
4	110
10	74
6	108
6	176
4	109
4	100
6	98
7	100
4	141
4	105
6	118
7	110
4	2
16	112
6	110
1	100
7	85
1	90
3	104
7	117
1	109
6	109
6	108
6	57
6	117
7	97
12	118
11	94
7	110
17	92
4	105
4	110
12	118
4	47
14	24
12	110
6	114
7	110
3	104
9	64
9	110
16	102
4	110
1	110
7	110
4	104
1	102
6	114
15	80
1	110
6	75
26	141
6	108
6	60
12	134
12	98
6	118
17	78
12	101
6	58
10	110
7	108
7	149
7	102
6	77
6	118
23	117
7	110
12	64
16	78
6	122
7	126
4	110
13	106
3	120
7	128
12	112
6	190
6	128
7	77
4	112
10	118
10	110
6	110
7	86
8	92
16	108
4	112
6	110
11	90
9	102
6	98
10	114
3	20
7	98
7	98
2	108
8	110
6	106
7	110
7	110
7	114
7	110
4	108
4	112
16	126
6	126
22	118
7	114
7	108
5	70
3	11
6	110
7	126
7	110
4	126
8	108
1	108
9	106
3	110
16	126
2	108
6	108
11	134
19	28
13	63
7	112
7	114
7	77
13	122
7	91
12	25
6	75
6	110
6	126
4	110
3	28
7	120
6	126
16	96
7	109
7	85
13	44
3	110
14	64
5	128
14	25
7	174
6	126
10	108
10	110
3	57
7	69
7	124
15	86
16	110
7	118
6	110
10	110
10	109
7	110
20	90
1	110
6	118
6	83
10	108
6	111
8	111
7	108
2	132
5	109
6	109
7	103
4	3
7	114
7	110
1	126
1	102
4	109
7	137
21	117
10	114
6	110
7	118
5	110
3	98
1	110
24	89
10	106
10	69
7	106
1	109
7	75
6	58
4	109
10	109
7	118
10	75
16	109
1	109
6	109
10	130
13	60
12	110
19	80
7	110
7	116
7	112
6	110
10	126
23	95
3	110
7	110
1	107
13	107
19	109
25	85
3	126
2	109
12	110
4	73
6	118
23	106
7	110
20	126
20	63
4	107
6	95
10	5
8	168
6	75
7	99
1	79
16	109
7	140
7	85
12	102
3	110
3	110
5	91
10	109
25	77
7	110
4	126
3	34
6	108
6	75
6	110
6	110
1	118
3	108
6	110
6	98
10	102
10	110
1	89
16	112
4	102
13	112
6	110
7	78
6	90
16	102
6	102
7	106
1	106
6	10
6	117
7	126
7	101
6	3
6	117
12	98
6	118
6	133
4	127
13	126
6	110
7	89
7	100
7	126
12	112
20	106
6	109
6	134
12	109
19	70
4	97
1	112
6	105
17	25
10	117
7	73
7	110
4	110
1	110
6	125
6	103
6	110
6	63
6	15
24	95
7	114
16	122
6	106
1	109
12	128
2	1
6	86
6	91
6	98
10	25
13	110
7	124
4	110
10	77
7	106
7	110
10	109
4	112
6	126
7	120
7	128
6	124
10	122
10	112
3	110
6	110
6	96
7	12
6	126
6	41
6	61
21	97
10	26
10	108
16	127
1	110
7	120
7	139
8	110
7	110
7	17
7	9
7	124
24	92
10	109
10	110
10	130
7	182
4	101
12	101
7	110
1	130
9	109
6	107
10	110
6	117
4	110
9	100
13	58
10	108
6	112
10	110
12	105
21	128
16	44
25	66
3	110
10	85
13	110
10	101
3	110
6	112
6	128
4	126
10	128
7	79
24	90
13	109
6	110
7	85
7	110
5	122
4	106
6	126
10	110
7	110
6	106
12	110
2	124
5	102
6	64
2	110
4	10
1	91
1	102
4	118
23	80
7	118
2	107
7	112
12	110
2	110
25	89
10	110
7	125
7	101
6	91
14	109
14	109
14	109
7	111
7	111
7	90
7	113
7	105
7	90
7	128
4	121
4	109
4	125
4	117
4	109
4	109
4	111
4	110
1	109
1	105
1	108
1	117
1	117
1	109
1	126
13	107
13	105
9	105
3	40
3	43
3	26
3	105
3	117
12	110
12	81
16	105
16	76
16	112
16	57
16	126
16	114
16	98
2	100
5	119
5	106
6	113
6	117
6	99
6	109
6	97
6	109
6	110
6	106
6	104
6	110
6	104
6	125
10	105
10	181
10	105
10	101
10	105
10	25
10	108
10	32
10	98
10	110
10	122
10	109
10	108
22	125
17	105
17	125
15	25
19	153
23	117
6	102
6	112
10	103
10	173
7	85
15	29
7	109
13	126
7	108
10	102
1	110
6	110
1	105
12	110
7	86
3	52
5	77
6	110
6	96
7	128
6	117
6	92
6	110
15	90
3	69
3	26
16	124
6	130
7	110
4	100
6	110
7	110
7	110
4	114
1	102
12	101
6	109
7	98
5	57
6	108
10	106
7	102
12	96
6	107
6	73
6	90
5	122
6	114
6	108
1	130
7	1
4	110
1	130
3	106
9	102
13	126
6	123
6	116
4	102
23	174
7	77
4	110
14	64
6	110
4	110
9	110
12	110
1	102
7	125
7	110
6	102
1	110
3	100
7	110
6	110
1	110
7	114
6	106
7	106
15	95
10	110
8	16
1	110
16	112
6	64
10	104
13	90
13	96
10	130
1	110
7	75
1	120
11	89
10	109
7	86
23	78
13	30
13	64
7	73
4	110
4	110
22	98
7	98
5	79
4	127
1	109
5	125
7	98
12	106
6	124
16	110
18	93
4	110
16	96
22	122
7	123
6	110
10	112
4	110
3	126
10	174
1	112
18	93
25	93
7	101
6	59
1	98
12	119
6	110
7	122
5	126
6	123
10	105
20	4
4	101
4	102
12	130
10	112
20	91
6	101
15	95
7	107
7	114
7	110
14	2
16	81
15	32
14	152
12	113
12	53
6	107
6	110
6	124
10	30
3	101
10	106
7	27
7	61
7	118
3	110
6	63
6	111
6	110
10	118
6	73
6	110
19	94
7	102
6	110
4	106
9	89
10	112
10	106
25	81
7	85
7	122
6	102
7	109
6	112
6	126
10	124
10	30
7	124
10	123
7	9
4	102
1	107
13	97
3	106
12	133
12	89
12	122
16	111
16	110
20	116
20	118
6	113
6	109
6	42
7	128
7	11
6	94
7	106
4	154
10	75
6	112
6	110
10	112
7	110
4	122
3	190
5	142
7	77
7	118
12	110
13	63
1	110
3	20
3	106
6	108
10	124
23	110
7	108
1	126
10	128
7	110
7	65
10	102
14	98
7	110
2	122
7	102
20	142
12	114
6	90
7	109
13	92
16	110
5	118
6	118
1	176
10	118
7	98
3	174
10	108
10	122
19	78
7	105
1	109
18	96
7	108
12	184
6	58
1	126
20	106
7	128
21	114
6	25
1	110
13	106
6	102
6	110
10	110
4	110
6	138
4	110
1	110
9	112
6	108
10	74
6	105
6	142
10	110
4	14
6	126
3	23
4	110
10	134
7	117
12	110
23	110
7	116
12	124
4	114
6	109
7	146
16	125
7	126
7	113
1	111
1	125
13	115
6	117
6	96
10	113
10	174
10	80
21	57
13	110
6	83
4	109
4	125
14	110
6	78
10	110
14	68
1	113
9	109
6	110
6	98
7	100
10	114
4	97
6	64
4	101
7	26
9	119
5	122
5	128
10	110
4	102
1	102
1	114
6	3
6	122
6	110
10	110
7	110
1	110
10	102
10	102
10	98
3	174
6	110
10	138
6	108
7	120
7	110
4	110
1	170
1	112
6	110
9	90
7	110
6	190
7	110
6	114
3	140
6	61
12	152
7	107
6	106
10	117
7	110
3	110
1	110
7	110
3	110
10	109
10	73
7	110
7	110
3	93
24	95
3	44
16	64
6	128
10	110
6	112
10	66
17	110
12	110
16	114
15	57
6	112
10	108
1	114
16	75
6	110
10	108
4	126
6	110
6	124
6	122
7	128
4	112
6	115
12	110
6	110
7	124
4	110
1	110
13	91
16	108
16	26
6	110
6	118
10	150
10	114
23	175
7	118
4	127
4	110
12	110
12	15
16	105
6	110
6	110
6	99
6	134
6	118
6	110
11	28
6	102
6	64
23	95
10	104
6	109
6	110
12	102
25	149
14	150
7	110
1	73
4	112
14	48
7	106
7	102
7	110
6	101
7	118
6	126
7	118
6	117
6	126
7	83
8	63
6	110
6	57
1	110
6	108
7	102
4	124
6	77
6	112
10	117
4	109
7	116
1	110
7	110
5	124
10	160
2	56
2	48
2	26
2	144
6	98
4	110
6	58
10	166
2	110
21	98
10	99
8	55
10	110
6	102
6	182
7	116
4	118
7	12
4	118
4	105
3	87
6	117
10	110
25	92
17	107
7	18
7	102
5	94
8	27
12	7
7	107
22	101
10	124
4	110
1	110
16	110
2	128
10	106
10	114
21	110
1	110
6	109
2	110
6	59
6	102
7	110
7	110
1	126
7	77
7	110
9	23
6	154
10	107
6	108
14	112
4	112
7	106
7	123
7	108
10	110
5	126
6	60
6	108
7	108
5	110
7	85
7	126
4	126
17	106
4	126
5	108
6	31
6	28
7	110
1	106
10	102
4	126
6	117
6	109
10	110
18	95
7	109
7	110
4	119
7	127
12	126
6	102
7	112
7	70
4	108
5	98
12	124
6	110
4	105
19	94
3	106
12	53
10	48
1	114
6	94
7	44
10	118
7	102
10	100
6	4
10	60
10	102
10	108
14	60
7	110
4	102
10	110
17	110
1	132
6	98
10	113
6	102
6	110
6	110
7	98
7	110
3	122
12	102
6	110
13	90
7	149
1	106
12	110
7	108
10	110
7	105
7	96
4	105
10	126
10	113
3	82
6	105
1	112
10	110
3	55
6	112
6	89
10	112
7	93
6	109
4	110
10	112
10	105
10	114
7	110
1	110
7	69
7	94
1	114
16	110
3	40
12	59
9	129
10	174
1	110
18	28
2	25
19	64
13	118
10	122
13	104
10	80
6	110
1	102
1	126
10	75
6	75
7	110
7	138
1	128
2	108
6	64
6	106
16	110
4	102
1	61
4	105
6	114
10	106
6	126
6	110
12	32
23	60
7	98
16	108
10	128
4	122
1	110
13	98
3	110
16	106
6	126
6	108
10	104
10	122
7	126
6	110
10	110
1	110
10	98
4	75
10	102
20	100
7	105
6	99
6	110
6	124
13	98
5	170
25	81
6	89
6	63
6	100
7	109
7	98
7	102
7	110
7	109
4	160
4	122
1	108
3	121
5	107
6	108
6	108
6	123
10	128
25	57
12	112
9	89
12	137
16	126
10	110
10	110
7	110
6	122
6	130
7	96
6	117
7	106
10	114
6	57
1	112
1	102
6	58
7	110
16	109
1	126
10	114
14	64
18	89
7	126
11	16
11	92
11	90
7	110
12	107
6	110
21	102
10	110
4	75
1	89
1	110
6	63
3	23
16	182
6	76
6	110
4	77
7	109
6	101
1	107
6	110
10	123
5	110
6	124
6	102
10	10
25	86
13	114
5	110
7	110
13	118
6	64
6	125
10	26
15	57
16	114
6	109
7	114
7	110
4	110
6	110
6	110
12	110
6	108
15	57
7	113
9	152
10	128
7	110
1	32
7	118
6	126
7	112
16	110
7	102
8	110
6	110
7	126
6	110
7	108
13	102
23	77
10	110
10	190
9	136
13	28
10	110
20	126
7	126
4	102
2	110
10	108
7	77
16	126
10	102
5	112
7	110
6	122
4	118
13	106
7	70
4	120
10	110
10	112
12	47
3	166
22	112
10	104
7	118
7	110
10	142
6	110
7	122
4	110
4	126
3	100
2	110
10	110
10	112
7	122
7	122
8	90
10	32
5	41
17	122
7	110
7	128
15	91
6	110
7	102
7	110
1	101
4	110
6	112
6	102
7	126
6	126
1	109
6	109
10	138
4	114
6	110
2	109
6	181
1	110
6	114
10	108
6	118
6	114
7	109
4	126
3	10
3	4
6	108
6	186
6	102
6	64
7	117
6	60
20	108
7	110
3	87
7	117
7	110
2	110
10	102
1	110
7	110
1	98
10	110
10	122
12	106
10	145
1	106
7	40
6	73
6	110
7	102
12	102
10	106
7	75
1	126
6	28
10	110
5	136
6	94
6	80
6	118
7	112
6	110
6	102
6	110
4	106
2	118
6	74
7	102
7	122
7	84
7	118
13	112
6	110
7	84
16	128
6	14
1	114
6	110
6	118
6	106
2	102
6	63
9	109
6	120
10	108
10	110
10	178
10	118
7	110
10	3
8	98
6	112
10	118
5	110
5	122
6	106
6	124
5	104
13	124
6	102
10	110
4	98
6	110
7	110
17	96
6	111
6	110
7	86
6	110
1	114
6	57
7	110
6	102
1	98
6	106
3	110
14	101
5	80
10	16
7	128
6	98
15	96
6	57
10	106
1	102
16	190
6	126
6	110
5	88
6	57
10	106
4	126
1	110
12	114
5	110
6	64
15	91
12	37
6	111
16	32
13	89
13	57
13	95
6	108
6	79
6	60
7	126
5	70
5	94
6	128
13	94
1	174
1	130
12	104
11	133
17	109
4	110
12	100
7	110
6	128
6	112
16	110
7	11
23	98
23	99
10	110
20	90
17	110
20	105
3	90
2	126
6	114
6	153
10	106
4	106
6	108
7	124
4	109
4	114
3	33
5	110
5	110
7	78
6	106
4	77
18	58
6	120
7	71
7	118
12	59
3	108
2	110
7	118
7	82
4	110
4	109
12	109
6	58
10	117
1	109
1	187
6	111
6	110
4	78
1	107
6	108
10	77
1	106
6	12
7	106
9	110
9	70
7	102
6	90
3	26
6	122
21	111
10	98
6	106
1	110
7	110
7	21
6	110
7	118
1	122
6	106
7	109
22	109
1	110
12	118
10	110
7	134
1	106
