26	1
96
1	63
2	57
3	58
4	39
5	40
6	62
3	17
7	56
8	55
4	5
6	54
6	39
7	73
6	63
7	55
4	62
7	54
9	57
10	55
6	54
8	51
10	55
6	55
10	59
11	47
10	51
7	51
1	54
3	55
12	56
10	51
10	57
10	55
13	61
10	65
12	51
7	57
6	55
3	32
6	51
7	63
13	32
4	46
14	32
4	56
6	55
10	51
15	32
14	43
7	61
1	55
13	57
13	17
9	55
16	52
16	55
6	55
10	22
11	42
4	43
4	59
7	76
3	61
12	13
10	56
6	55
6	74
6	55
6	53
4	49
6	65
17	77
8	46
12	53
10	63
7	55
6	57
7	61
12	59
6	53
10	51
4	55
6	55
6	46
4	62
12	55
6	55
10	55
7	59
12	55
6	55
13	55
12	59
6	55
4	64
6	87
6	55
4	59
2	53
18	38
4	56
6	23
10	49
7	59
1	56
1	53
3	56
5	88
10	55
11	63
5	53
7	69
2	63
10	55
6	56
10	60
1	56
6	35
6	55
7	2
3	53
16	51
19	59
2	49
3	61
10	63
1	38
14	32
14	30
10	40
7	55
1	63
1	52
10	63
7	59
4	51
4	55
6	61
7	55
13	39
4	55
6	48
6	55
7	56
7	53
3	51
12	94
12	54
6	51
6	55
7	56
7	8
1	52
1	53
12	61
7	65
4	55
4	55
1	37
6	57
6	55
10	55
7	49
7	55
1	55
16	49
7	59
1	57
12	29
16	62
6	55
10	13
10	72
15	32
16	85
6	62
13	41
1	55
6	57
4	55
7	37
6	94
10	52
10	54
10	6
6	59
7	58
12	55
12	55
5	55
7	55
10	62
7	42
10	79
7	56
20	53
10	55
2	51
5	65
6	57
14	15
4	47
7	53
16	70
7	55
13	35
6	51
6	49
5	37
6	61
4	42
7	51
10	55
7	49
1	51
7	53
4	55
7	16
16	56
10	53
7	55
6	59
10	38
4	55
8	55
20	53
6	54
20	59
7	37
7	10
7	57
3	71
6	37
10	55
10	50
4	49
1	55
21	54
1	51
7	7
13	45
7	33
7	51
10	64
10	55
12	39
4	55
7	50
3	53
2	61
22	56
10	61
1	63
10	62
7	53
4	9
3	19
6	53
7	56
7	53
10	55
7	59
16	55
1	63
6	51
16	56
20	58
6	55
4	57
1	53
20	55
10	55
16	29
6	56
10	55
7	58
13	55
23	61
6	35
10	55
6	55
10	64
4	7
17	53
6	55
4	62
12	55
3	55
6	55
14	42
12	55
6	51
12	16
12	54
13	6
4	55
6	57
7	54
7	53
7	51
7	55
13	53
12	53
4	49
3	89
6	63
6	45
6	55
7	59
6	55
8	43
1	59
7	53
12	52
4	63
14	29
7	43
4	59
6	62
7	55
6	53
10	35
12	60
7	59
7	63
4	30
3	63
16	62
6	63
11	55
10	57
21	39
15	15
7	63
6	53
10	38
10	50
10	55
4	55
3	21
7	53
4	51
4	41
5	32
7	56
1	39
6	29
12	54
6	57
7	56
13	43
2	39
10	51
7	57
7	55
3	62
16	55
4	59
4	55
13	54
7	58
16	59
6	45
12	61
6	55
10	54
7	55
4	62
1	51
16	62
7	6
4	75
13	30
12	63
10	63
6	57
6	57
7	61
6	63
12	49
10	57
6	53
1	55
13	11
6	57
10	63
6	8
4	54
15	48
15	30
15	30
5	38
4	55
10	55
7	54
8	47
6	39
15	45
6	55
10	12
6	39
7	63
7	59
6	55
12	55
6	57
3	87
1	63
10	51
21	55
4	53
6	58
7	4
12	54
8	55
1	59
7	59
10	66
10	57
12	56
10	48
24	40
13	53
21	52
19	45
8	56
16	55
6	51
6	43
4	63
7	47
7	57
22	55
10	51
12	63
4	15
16	63
6	70
6	60
9	46
12	55
7	56
4	53
10	53
6	23
25	29
21	61
10	55
7	55
6	47
4	21
7	55
13	48
8	46
6	59
2	55
6	51
10	55
10	61
10	54
10	59
16	55
7	55
3	55
7	61
6	55
10	55
16	88
10	51
6	53
10	61
7	55
7	53
4	41
4	42
12	87
6	54
6	64
6	54
7	59
7	56
7	73
1	53
13	93
5	83
10	59
15	32
7	51
7	49
7	2
7	55
12	65
6	55
6	56
10	49
1	55
1	56
6	53
7	54
4	51
3	68
10	53
26	46
23	46
7	7
6	51
6	54
6	55
7	53
1	55
6	45
7	5
6	55
7	55
3	63
1	55
7	56
16	63
4	53
6	51
10	54
10	64
12	51
7	55
8	55
10	51
1	55
13	48
7	57
4	55
6	57
24	14
10	55
6	54
1	57
6	32
6	32
4	53
6	6
10	55
10	55
10	73
4	62
7	61
7	51
3	48
12	67
6	54
10	57
16	59
7	55
10	59
6	60
7	53
4	55
1	61
2	55
10	59
6	32
13	51
7	59
8	61
22	55
6	55
10	91
6	52
10	63
4	49
6	35
7	57
10	62
3	55
4	56
4	28
1	49
3	61
6	54
1	58
7	51
6	63
7	54
13	55
10	55
1	55
1	53
6	56
10	57
10	59
10	55
6	8
6	37
6	75
6	59
7	55
6	54
7	57
6	53
6	53
10	55
10	63
7	91
1	22
7	49
6	55
10	55
6	50
7	55
1	55
6	51
10	55
7	64
7	54
6	54
16	53
10	11
6	61
6	55
14	22
7	39
7	56
1	51
16	35
6	55
7	57
7	55
7	55
7	61
7	51
1	54
1	55
12	63
6	56
10	59
10	59
11	32
15	32
15	16
7	55
7	37
1	50
1	53
16	73
6	56
6	29
6	32
6	45
6	29
10	59
10	38
7	42
7	38
3	56
6	30
7	51
10	55
13	48
6	51
4	63
1	53
25	46
7	40
7	49
6	29
6	51
7	47
7	59
6	65
6	32
10	82
10	62
7	61
6	46
7	54
6	55
6	29
6	29
6	55
21	55
25	48
13	49
5	55
10	62
9	63
12	40
6	55
8	53
7	55
4	8
16	39
7	55
1	55
2	53
15	45
14	46
10	56
12	55
10	51
12	55
6	87
16	39
6	55
11	79
20	57
6	51
7	65
10	55
10	73
1	55
6	53
10	61
13	32
10	51
16	57
10	55
15	32
8	70
20	63
1	56
6	55
6	56
10	62
10	87
7	39
7	53
10	54
1	55
3	32
10	54
3	67
3	55
6	63
7	61
7	57
1	77
6	61
10	61
8	55
6	53
19	55
6	29
13	58
12	55
7	43
7	55
6	51
10	54
9	8
13	55
13	39
7	55
5	85
10	56
12	55
6	32
25	45
7	55
7	54
7	51
7	56
1	51
16	29
15	32
20	45
10	55
6	55
7	55
6	58
16	54
6	62
10	87
7	55
10	57
7	42
7	43
14	12
7	39
3	63
1	76
12	49
6	55
4	59
4	51
10	55
4	54
1	55
3	57
2	53
6	59
1	51
6	57
7	55
1	51
6	55
10	76
4	6
6	54
6	55
7	54
4	63
1	51
3	64
3	1
12	55
16	63
2	55
20	53
5	62
6	59
21	61
10	61
11	63
23	37
12	42
14	32
12	59
4	55
6	90
5	55
4	87
16	55
10	55
7	51
2	50
21	54
4	33
9	19
6	54
2	52
6	57
1	55
13	76
3	79
7	55
14	20
20	32
7	55
13	63
9	55
3	40
18	32
1	63
10	55
12	38
15	30
7	40
1	63
1	56
15	9
22	64
13	48
5	55
6	55
10	55
6	53
10	56
4	64
6	55
7	33
8	65
16	53
6	55
10	57
7	55
7	38
4	71
7	38
12	59
7	54
6	39
25	45
15	32
3	56
10	53
7	63
12	55
16	53
18	26
7	46
10	54
7	35
6	50
8	46
6	31
6	46
6	57
10	54
18	40
1	56
2	55
6	55
9	62
10	55
7	23
7	54
10	55
6	61
7	37
1	55
6	53
7	63
7	59
12	61
5	55
6	63
22	63
7	55
7	43
4	55
6	32
7	37
12	57
20	61
6	63
10	57
10	55
4	55
7	53
1	55
1	54
1	8
1	63
6	50
24	29
7	39
6	61
6	36
7	51
6	55
24	47
23	12
16	63
6	55
4	54
16	59
10	14
12	55
2	56
19	27
6	53
6	69
6	55
7	39
6	62
4	63
7	57
10	55
3	57
10	62
10	55
25	48
10	58
6	57
6	45
6	55
6	55
7	59
16	55
6	63
26	46
1	53
6	65
6	45
10	53
20	49
1	55
6	61
6	55
6	31
5	53
13	29
3	59
1	54
13	63
6	60
6	65
22	55
4	49
16	57
1	86
3	55
16	55
2	88
1	62
10	59
7	56
3	59
10	49
10	56
12	55
13	35
3	10
3	51
6	55
6	63
7	87
4	55
9	29
8	56
4	87
7	51
4	49
9	77
6	61
6	55
7	59
1	51
10	56
6	47
1	87
12	1
6	54
16	48
6	54
7	9
7	38
4	56
13	53
6	55
6	55
10	62
7	55
3	56
10	87
6	62
4	63
16	53
9	29
7	52
1	55
6	41
6	55
1	54
3	54
12	63
6	53
12	61
6	57
7	39
17	35
2	59
20	55
6	55
1	72
12	61
4	37
7	69
16	55
6	33
7	6
10	52
8	75
6	51
7	63
7	56
9	13
6	32
10	57
13	9
3	63
10	59
7	43
9	51
3	66
12	55
1	55
6	53
6	54
10	62
7	89
6	67
4	58
8	32
13	55
10	55
10	55
6	56
17	35
5	49
1	63
6	53
10	48
15	45
7	55
6	55
8	54
12	1
7	54
7	55
4	55
7	35
7	16
7	54
16	70
17	55
3	1
12	43
10	55
2	44
10	39
6	54
6	63
7	55
6	65
7	40
3	6
6	58
6	59
7	53
7	55
6	33
7	64
1	58
3	27
10	49
4	51
6	51
7	54
6	33
1	53
1	63
6	56
1	54
5	50
7	55
6	49
7	55
1	60
20	68
12	63
6	29
1	68
3	16
10	55
7	64
4	63
15	1
25	32
1	53
20	47
6	51
6	53
5	55
6	48
23	49
4	55
1	50
1	6
6	49
24	45
6	58
21	62
10	56
10	53
7	63
7	61
10	61
24	39
25	32
7	55
1	55
6	29
6	54
6	55
8	51
7	63
7	51
7	59
6	55
4	55
6	56
7	37
6	39
10	65
7	59
13	51
6	63
7	56
23	54
1	54
7	39
6	59
6	61
6	79
6	38
5	55
7	63
7	67
12	56
8	71
6	15
24	43
7	50
6	58
10	55
4	59
13	16
20	63
12	31
1	55
6	38
10	51
16	38
16	57
1	56
6	54
22	55
7	55
7	60
7	55
6	53
7	87
7	37
1	56
3	42
5	29
10	95
6	38
6	55
6	57
7	56
6	63
10	51
24	35
12	41
5	61
7	53
12	43
1	55
7	63
10	62
7	56
1	55
6	56
4	56
6	31
4	55
6	54
6	61
7	55
3	55
24	47
7	54
10	55
7	55
10	56
6	46
24	44
10	53
2	53
6	49
4	55
4	35
17	61
12	56
4	55
1	55
12	55
6	53
7	39
6	51
16	53
7	55
4	55
7	43
25	46
12	57
6	71
10	59
10	56
4	61
7	65
7	59
13	86
6	58
17	53
7	59
7	13
9	92
6	55
16	23
10	56
10	56
7	42
4	54
7	51
5	55
7	52
1	53
22	57
7	39
10	55
1	63
10	57
7	54
7	55
13	47
4	54
7	55
6	53
2	53
6	64
10	55
12	56
6	51
7	54
23	45
7	55
7	57
7	53
4	64
4	52
13	96
2	55
20	68
6	51
6	55
6	35
12	61
7	53
4	51
3	53
16	55
10	55
6	63
6	63
7	51
7	57
1	49
6	54
5	54
4	55
12	55
16	67
3	64
1	59
3	14
6	55
12	14
7	59
4	55
6	5
6	40
7	55
6	54
1	54
6	77
2	51
10	95
9	55
6	55
6	10
19	13
7	41
7	64
7	55
12	61
6	55
6	54
10	93
19	48
4	59
7	57
12	55
4	15
7	49
6	53
10	53
7	55
3	55
14	61
4	63
2	63
5	58
6	52
6	55
7	55
1	55
10	54
1	43
1	56
6	38
6	69
14	32
13	21
16	39
1	55
22	56
7	87
4	55
7	62
6	55
6	65
6	61
6	62
6	49
6	39
6	51
12	59
10	5
4	55
6	38
3	81
10	54
6	29
7	55
1	45
5	8
7	51
3	61
6	77
10	65
24	45
24	16
7	56
7	62
1	55
12	57
6	61
7	10
7	56
1	55
6	55
4	55
4	51
4	55
1	53
6	59
4	59
12	60
16	63
7	49
7	55
7	57
3	32
10	55
10	55
6	55
6	47
6	63
7	53
6	53
1	38
23	45
6	53
12	43
20	64
7	63
4	6
4	38
1	55
9	85
2	55
5	63
6	59
6	52
4	51
19	79
7	56
10	61
15	29
2	63
7	55
7	63
6	55
14	51
7	57
7	53
1	55
16	57
6	55
12	55
10	54
6	51
15	14
10	57
4	51
6	37
7	59
12	55
10	55
7	59
7	55
6	49
1	55
10	14
3	55
6	63
1	55
1	55
6	62
7	55
1	79
6	6
6	61
4	63
4	55
10	55
7	55
6	55
7	55
6	55
3	63
7	55
5	77
6	55
10	55
7	53
10	55
4	53
7	58
1	63
6	13
10	55
10	51
6	55
7	53
13	55
7	65
4	51
4	55
3	17
16	49
7	38
1	54
25	96
1	77
3	80
6	55
6	54
6	62
1	56
10	56
4	55
3	55
7	55
6	55
6	54
13	55
12	55
7	55
6	55
7	54
4	55
16	55
10	55
3	63
6	61
23	56
23	71
10	60
7	62
8	56
1	55
7	59
7	55
20	39
1	55
7	42
7	55
4	28
3	65
10	75
10	51
10	55
15	45
25	29
10	56
16	14
16	22
6	53
20	55
5	55
6	29
6	63
6	63
7	55
4	45
3	21
6	33
6	55
6	55
7	58
6	45
16	40
7	43
6	53
6	55
6	55
10	63
17	57
6	55
19	45
6	58
25	24
4	61
6	63
6	45
1	55
7	45
7	55
1	64
3	55
12	42
16	39
6	55
6	56
12	63
10	55
16	46
7	58
10	54
15	45
13	63
7	35
15	30
15	46
15	46
15	48
6	53
10	14
6	53
6	55
10	51
10	57
7	55
10	53
6	56
6	56
6	60
4	55
13	42
6	59
25	47
6	54
10	51
10	55
7	55
4	55
12	55
7	10
6	55
6	57
6	62
1	53
6	58
17	49
23	57
1	47
19	8
10	55
7	52
1	51
1	56
7	40
7	58
7	15
7	51
10	56
2	56
5	47
6	62
6	62
2	63
7	53
9	45
7	79
1	52
1	55
5	87
10	55
10	51
25	45
10	41
7	55
1	53
7	52
7	56
7	39
10	54
10	55
10	77
15	52
1	55
10	63
7	54
17	32
10	55
13	13
10	8
10	55
20	64
11	71
7	57
9	26
1	59
1	63
7	55
10	55
7	57
4	54
3	54
6	54
2	55
18	47
7	15
7	63
4	53
12	55
6	51
6	55
25	48
10	63
4	55
4	7
5	55
4	55
3	55
8	54
7	39
5	87
10	53
12	4
6	5
4	55
1	55
3	43
16	55
4	87
4	55
10	55
12	59
7	55
7	59
6	61
10	54
7	43
11	27
8	54
10	64
7	53
7	35
8	68
10	59
10	6
4	55
6	51
7	55
25	30
6	56
1	55
8	2
10	57
7	55
7	56
7	62
10	53
10	63
7	63
6	55
10	77
11	36
7	55
20	29
6	55
10	37
10	59
3	18
12	51
7	54
7	59
14	32
7	29
1	49
10	37
7	63
4	55
10	63
10	91
4	56
10	51
7	51
12	49
10	38
9	47
2	56
4	62
4	50
1	55
6	55
6	53
10	55
7	63
4	56
3	55
6	54
10	59
10	56
10	71
4	57
6	53
16	55
7	55
3	55
7	62
2	35
6	56
4	63
6	66
7	55
6	55
7	50
4	55
1	29
2	49
6	56
7	55
1	56
7	6
7	55
6	53
5	54
7	56
21	54
6	6
6	49
19	63
16	59
10	55
4	55
7	53
7	35
7	53
15	45
15	29
6	53
7	56
4	61
15	49
17	49
6	57
6	45
6	48
16	55
10	63
3	58
20	55
13	61
6	52
6	45
10	59
6	30
7	55
1	53
6	56
20	57
6	55
6	32
24	29
24	25
24	32
10	59
1	72
6	55
7	61
7	55
10	65
6	57
10	53
4	56
6	54
10	55
6	55
6	32
6	49
6	59
12	24
5	54
6	57
4	49
12	53
2	55
10	39
25	47
7	49
8	10
7	62
7	55
10	55
10	56
6	55
4	55
2	55
7	43
1	56
6	45
7	61
19	62
4	55
8	45
14	27
7	57
7	55
5	64
18	47
7	59
6	53
24	61
6	63
7	59
7	30
1	55
22	48
7	55
6	64
4	55
6	14
16	63
7	58
12	62
1	2
10	63
7	55
7	39
6	55
7	55
7	55
7	55
7	56
12	57
6	55
7	46
13	55
6	45
24	43
6	55
10	56
7	57
7	61
7	53
7	53
16	53
6	49
5	39
6	31
4	59
4	56
16	55
6	47
6	53
22	29
12	54
10	55
7	42
10	58
6	57
10	95
1	62
4	56
6	55
2	56
6	54
10	65
17	55
7	63
6	51
7	63
13	58
3	39
10	51
7	55
4	55
1	51
13	59
3	71
6	52
21	55
7	53
1	53
1	51
6	51
6	73
10	64
10	55
7	53
7	55
7	59
4	55
3	55
3	22
12	8
12	55
12	55
2	60
6	61
6	60
21	53
10	51
19	63
16	14
7	51
4	55
3	55
6	63
10	55
10	55
7	35
7	54
1	55
1	55
13	51
7	55
4	64
10	55
10	55
1	63
10	52
10	55
13	6
10	13
10	51
7	55
7	77
7	57
3	53
12	60
6	57
8	58
15	46
20	32
7	59
7	41
10	67
4	55
6	55
12	57
6	55
14	7
12	55
2	57
17	54
23	55
6	57
7	55
6	87
12	64
10	53
7	63
6	56
10	55
10	43
13	45
4	56
6	56
12	53
15	29
6	64
10	55
7	53
3	55
8	78
9	55
1	51
10	55
2	10
7	55
7	59
7	41
6	40
6	53
10	21
1	64
22	96
11	45
12	55
16	55
4	54
4	63
6	56
15	48
10	35
6	55
1	63
10	55
8	59
13	43
4	37
1	57
4	72
16	56
16	55
6	55
5	55
6	73
10	55
7	55
7	50
10	55
17	55
7	59
24	45
13	55
4	51
12	55
6	45
4	55
6	56
6	15
6	56
10	36
1	65
1	57
3	69
6	53
10	59
3	63
6	55
7	59
7	16
1	59
1	51
10	55
15	45
7	61
7	55
12	95
12	51
5	55
6	55
10	63
7	55
6	29
7	59
3	18
1	63
7	53
7	14
6	40
7	56
6	45
7	49
5	55
10	55
6	59
7	12
7	65
7	35
6	55
7	59
16	55
6	62
11	29
16	55
17	55
3	39
4	54
10	55
18	29
7	54
7	14
13	55
6	53
7	59
2	57
10	49
4	70
16	55
6	21
7	55
7	54
1	62
6	55
14	55
4	55
12	55
5	51
7	71
22	53
21	49
12	88
4	55
10	55
7	54
6	56
15	46
10	61
19	32
7	5
16	55
1	53
2	36
10	56
10	51
10	62
23	37
9	55
7	55
10	55
15	32
7	63
7	9
10	55
6	55
10	61
10	56
23	64
6	55
6	57
10	55
6	87
6	43
6	41
4	61
10	65
6	56
6	55
10	48
6	54
8	9
25	31
13	45
12	54
6	53
6	62
11	39
4	55
12	39
10	55
4	63
7	54
12	37
10	55
4	1
6	30
6	54
6	60
23	35
10	55
19	13
12	23
6	14
16	64
6	48
7	55
22	55
7	53
6	51
6	51
6	40
10	55
4	59
6	63
6	24
6	56
7	54
1	64
6	63
6	61
6	54
10	55
10	63
10	55
4	55
12	63
7	51
7	59
4	55
13	32
7	54
12	54
7	67
7	27
9	55
3	51
19	38
7	59
16	59
6	29
6	60
6	54
18	80
1	51
6	16
25	47
6	55
24	35
15	32
7	47
13	29
7	56
6	29
10	56
6	55
6	53
10	56
10	53
3	71
4	57
23	48
9	48
9	45
7	55
13	45
10	51
6	54
4	51
1	55
16	51
10	59
7	55
3	86
20	32
20	46
11	43
1	73
6	63
9	61
12	63
7	56
1	5
7	61
7	55
6	49
8	38
10	55
7	59
10	55
6	59
22	45
6	6
4	55
4	55
6	57
3	55
3	22
6	32
7	44
5	59
2	24
2	55
2	38
10	55
1	55
12	49
16	55
6	56
5	63
7	56
1	55
1	16
6	59
7	63
13	55
20	56
6	52
12	53
7	55
1	55
20	53
12	58
10	55
13	58
6	55
6	53
15	48
6	55
12	54
22	61
23	33
13	30
2	54
4	59
22	56
6	64
10	62
7	57
7	43
10	55
7	47
6	55
1	88
16	71
7	73
6	55
24	29
3	55
6	55
7	55
7	7
7	54
5	55
15	47
6	56
17	55
10	62
10	63
10	34
6	59
10	54
6	55
7	41
6	55
4	54
16	55
6	50
6	53
4	57
6	49
6	51
10	55
24	47
7	59
6	55
1	55
6	49
10	54
14	67
6	59
10	63
4	55
1	67
6	51
16	39
14	18
7	59
7	51
7	39
4	59
10	55
7	38
10	51
7	59
7	57
4	51
2	53
6	15
6	57
6	53
6	56
10	54
7	51
7	55
7	59
6	55
12	55
20	53
6	38
10	6
10	55
4	37
1	53
6	59
6	46
7	55
7	39
4	53
7	49
7	56
3	56
6	49
6	2
12	55
16	55
6	56
7	55
6	55
3	87
20	49
6	55
6	64
7	71
10	51
4	62
6	54
24	34
7	55
9	16
7	44
19	47
12	54
12	15
1	53
18	29
10	47
21	49
10	55
7	55
6	51
7	55
8	65
1	53
10	55
6	54
4	55
12	55
6	49
10	23
6	56
7	59
6	46
4	55
19	53
25	47
10	39
7	10
1	55
6	29
6	51
3	39
10	39
10	54
7	55
7	46
7	90
7	36
1	55
6	55
23	47
10	55
7	55
7	58
20	54
10	54
7	54
6	61
6	32
1	55
16	36
16	72
16	51
10	51
12	55
7	54
7	56
1	51
13	72
6	53
10	54
6	59
6	49
10	62
15	32
7	53
4	55
3	59
10	55
10	54
4	51
9	8
10	54
10	55
10	55
3	65
6	39
6	64
6	38
3	53
1	53
21	51
7	57
22	56
1	61
6	13
1	55
6	49
6	56
14	43
7	37
1	55
6	56
7	55
6	54
7	37
4	51
6	32
11	48
7	56
12	14
12	51
6	61
1	51
10	53
10	42
7	53
7	62
4	51
3	55
12	56
16	54
7	56
8	33
2	55
6	88
10	55
6	55
6	56
16	49
2	55
2	49
6	69
6	52
1	55
10	61
12	53
7	55
1	40
10	53
1	55
6	55
6	55
8	49
16	55
13	53
6	56
10	55
4	53
3	72
10	55
6	32
10	51
4	63
7	43
16	55
20	47
7	55
20	59
6	62
10	53
12	55
7	38
4	54
4	35
6	63
6	63
10	67
17	51
7	55
7	39
3	54
1	55
12	54
10	59
15	29
6	37
10	39
7	63
7	35
6	43
6	56
7	53
6	49
6	63
2	53
6	64
10	87
7	88
4	24
6	45
1	55
6	54
7	54
7	55
7	38
7	56
7	54
1	87
13	54
3	87
12	54
10	58
6	55
6	58
7	54
4	49
16	53
6	59
10	53
1	53
1	63
3	56
6	51
6	55
10	55
7	55
7	54
4	64
3	54
10	62
3	38
6	43
6	59
4	55
16	54
23	55
1	55
6	51
6	54
7	13
10	10
6	51
6	56
4	53
4	55
4	43
6	55
6	55
7	53
21	56
7	51
7	63
13	46
4	54
2	55
6	63
10	63
12	63
7	55
7	55
6	55
7	55
4	51
3	59
1	54
16	56
10	57
7	62
7	55
7	5
21	53
4	50
7	53
10	54
1	56
6	54
18	46
21	55
4	5
10	55
3	53
16	51
6	53
6	29
4	55
7	63
7	47
3	61
22	57
4	51
14	43
7	37
4	57
6	55
6	54
6	55
3	55
6	61
7	51
4	55
20	53
7	53
6	55
1	56
10	38
10	51
9	47
5	56
1	51
6	62
6	62
4	61
12	62
6	55
6	59
11	57
1	55
10	55
7	55
4	55
6	55
10	55
10	64
10	55
7	41
7	85
6	49
6	64
6	49
10	56
3	53
4	51
7	71
1	59
3	46
6	63
24	48
6	55
7	44
6	54
6	51
7	55
10	54
16	55
16	63
10	57
10	53
1	51
10	55
10	80
4	69
4	55
1	51
12	55
6	55
6	56
6	53
1	63
6	54
6	59
10	51
10	91
19	35
5	61
10	83
22	53
8	31
6	73
10	56
7	63
3	87
10	61
7	54
7	51
7	62
10	49
7	49
7	55
10	67
7	53
12	42
6	85
10	49
7	59
7	55
4	55
4	55
6	58
10	55
4	56
10	57
10	55
24	72
7	57
10	38
7	54
2	50
4	63
4	51
4	55
2	61
6	58
10	63
10	55
1	63
1	56
2	55
6	56
10	51
10	55
16	51
3	54
1	55
6	55
23	61
7	62
7	64
20	6
13	12
12	61
19	64
7	54
7	40
4	88
6	54
6	56
6	55
10	51
1	63
5	53
10	51
7	55
7	55
7	55
7	55
4	8
5	10
6	59
6	38
6	53
6	55
10	54
10	55
6	63
3	61
12	2
8	44
5	56
10	56
6	45
12	57
6	49
6	55
6	51
10	54
10	53
7	43
10	56
12	57
16	63
2	55
5	54
6	64
10	55
7	55
4	14
6	54
3	62
16	55
10	63
10	61
7	50
6	55
2	72
6	54
7	58
7	54
7	59
6	57
6	55
6	56
6	56
10	13
4	35
13	30
16	55
6	51
10	62
7	57
24	47
7	56
20	55
7	51
4	55
9	55
6	55
10	59
10	55
10	59
10	55
19	20
7	55
7	55
7	55
7	59
12	55
16	62
2	49
6	45
10	39
7	50
1	63
1	55
12	56
12	38
10	58
1	55
3	73
2	54
7	55
4	55
1	55
10	55
10	55
1	44
7	55
1	53
13	55
16	51
6	55
6	55
6	65
10	63
4	11
4	87
10	53
7	55
1	51
6	54
6	56
7	59
8	48
10	49
10	63
2	63
23	53
6	91
25	34
1	56
9	24
7	59
7	51
14	9
25	46
6	30
6	63
7	38
22	35
17	55
3	55
4	55
7	51
6	57
10	61
10	53
1	52
6	59
4	55
7	7
7	87
16	54
6	55
10	58
6	59
12	63
7	35
6	62
1	55
7	53
7	47
7	55
2	55
7	59
2	55
17	56
7	55
6	49
19	39
15	45
16	79
6	29
17	39
4	60
10	69
9	3
7	55
6	55
13	48
12	55
7	59
12	67
6	23
7	62
17	55
7	55
4	55
7	59
7	8
13	29
4	56
1	55
9	59
9	55
6	57
7	55
7	33
4	52
7	55
6	55
7	55
6	63
6	9
2	53
4	64
1	55
1	81
9	62
2	56
5	63
6	55
6	60
6	52
22	55
15	46
18	45
23	69
12	49
3	15
16	63
9	63
9	55
14	39
4	61
1	59
1	89
10	89
14	55
7	62
7	50
6	60
6	32
12	55
6	55
10	63
16	6
10	51
10	55
1	55
7	56
3	55
10	73
6	59
6	59
4	49
6	54
10	63
7	49
4	55
7	63
12	54
5	17
7	61
6	55
10	73
13	32
12	56
4	63
12	54
23	51
13	14
6	63
7	38
7	52
1	58
1	51
8	78
2	42
7	55
6	38
7	42
7	63
1	54
3	6
3	7
5	35
6	61
10	55
23	55
1	59
9	55
3	59
16	62
16	59
6	55
6	55
6	54
10	55
7	59
4	53
1	53
9	32
6	62
6	56
6	56
6	56
10	60
10	49
10	38
10	53
6	39
7	63
23	51
10	63
25	48
9	16
7	1
3	52
12	56
3	53
6	55
7	53
5	55
4	56
10	62
14	70
13	29
7	55
7	55
7	59
7	32
4	5
4	56
4	63
9	76
3	16
6	55
1	45
1	56
16	59
6	54
18	32
9	11
1	55
16	67
16	6
7	39
7	56
6	63
7	53
1	55
6	63
7	67
4	55
4	95
5	63
7	53
6	63
7	55
3	29
6	55
6	61
26	38
3	56
2	53
6	62
4	63
7	35
9	55
6	56
7	63
2	5
6	83
6	63
10	56
7	56
7	13
12	55
16	43
16	35
6	55
6	55
10	56
6	55
1	55
10	56
7	62
20	53
7	59
4	57
7	51
21	49
4	55
3	10
7	55
12	53
6	32
16	55
3	51
6	55
7	49
4	57
6	55
6	49
4	56
9	40
14	45
6	59
6	52
7	50
6	51
6	39
6	62
10	55
12	56
6	73
6	49
10	63
10	55
7	61
13	47
10	60
3	54
7	43
12	53
6	39
12	61
10	51
6	51
1	59
10	59
7	91
20	62
4	51
3	55
16	59
6	32
10	62
12	38
4	54
10	5
20	45
12	56
10	55
10	49
19	46
13	35
6	55
11	52
6	64
20	80
7	8
10	55
7	34
6	58
6	63
7	49
7	58
6	39
6	56
6	32
6	53
1	77
3	55
6	55
7	55
7	60
1	56
12	55
10	55
4	88
21	49
10	63
6	77
6	60
4	55
6	54
3	87
4	57
6	59
23	46
16	67
4	47
2	65
4	51
13	56
1	72
8	16
19	47
7	55
7	55
1	56
16	8
6	53
6	14
19	5
4	21
7	51
4	55
6	55
7	5
14	31
6	55
16	65
3	55
1	56
6	63
10	51
22	23
3	59
6	55
24	46
6	55
6	47
14	6
6	53
6	55
6	34
3	34
7	55
7	24
12	50
6	53
6	63
24	35
10	54
14	55
7	55
1	63
7	89
4	61
3	55
6	55
6	55
6	55
14	1
14	12
7	55
7	51
3	55
6	49
6	62
10	81
15	30
6	55
12	40
10	56
10	91
1	49
6	55
10	65
1	62
12	55
10	57
4	56
10	55
1	57
6	51
12	24
7	34
12	51
16	51
6	54
13	32
10	54
7	56
6	51
25	14
6	63
6	55
12	55
1	54
12	29
10	54
6	62
26	29
7	63
4	5
2	55
13	55
6	57
10	56
6	50
6	51
6	47
2	64
18	48
7	63
6	59
6	29
6	65
23	51
3	30
6	55
6	34
7	43
7	63
12	62
6	56
6	64
10	58
24	43
25	29
15	14
20	51
7	55
6	64
1	55
12	54
15	29
6	45
6	65
10	56
7	56
7	55
7	54
12	54
6	56
10	54
5	49
12	53
13	32
6	59
6	55
6	53
7	55
10	53
1	14
4	63
4	61
6	63
14	49
7	51
10	89
17	54
14	2
6	55
2	57
6	47
7	55
8	39
15	29
1	55
12	55
6	57
4	61
7	52
7	55
5	65
6	41
11	45
3	63
11	45
7	63
25	65
6	56
7	49
4	54
13	61
7	50
6	55
10	55
13	86
10	56
7	87
9	45
19	46
7	58
7	55
6	51
1	53
10	59
9	65
3	57
12	59
10	72
6	47
1	55
5	55
15	48
14	4
7	55
4	54
12	65
16	62
20	62
7	62
5	55
6	54
1	49
7	47
6	53
6	50
6	37
3	55
7	52
7	73
7	53
7	55
3	55
6	55
7	55
4	49
1	54
3	65
12	49
4	54
1	51
3	90
6	39
10	55
7	63
7	55
10	63
10	53
4	53
7	56
7	56
21	8
7	43
7	55
1	53
6	57
6	64
7	55
7	60
7	56
3	55
12	55
11	49
10	61
1	39
7	58
6	62
6	57
6	63
10	62
7	63
6	29
7	43
3	14
15	11
7	63
7	43
6	57
6	54
7	57
12	95
12	61
6	55
6	32
19	48
6	56
10	83
13	32
6	41
6	58
9	60
9	12
3	55
6	5
6	59
6	76
4	55
3	55
3	53
6	56
6	29
21	55
23	53
7	55
4	64
9	43
12	51
6	88
6	56
21	55
10	56
10	53
25	29
6	55
6	54
18	32
7	56
5	50
6	55
7	55
7	54
7	51
7	55
7	56
7	55
4	56
13	54
12	54
5	65
7	61
7	55
7	19
1	47
6	55
10	55
10	55
7	53
4	2
13	59
5	53
6	10
6	55
17	55
14	28
1	55
13	45
6	55
6	78
6	5
6	57
6	55
10	53
7	55
7	56
4	55
1	51
20	32
10	53
10	59
7	54
12	57
6	53
10	55
10	57
19	47
3	52
6	38
6	51
6	53
10	56
10	59
10	55
10	53
7	42
7	64
7	55
7	55
1	57
1	63
1	54
16	55
6	5
10	54
6	50
7	8
9	55
6	53
7	55
6	57
6	11
6	47
6	30
7	47
13	55
13	46
6	56
6	64
10	57
7	73
6	63
6	63
12	57
7	63
3	55
2	30
13	32
3	8
1	55
4	55
6	55
10	55
7	55
1	55
6	55
4	56
6	29
10	55
7	10
12	27
12	54
13	32
6	46
10	64
7	54
10	55
7	53
7	63
1	65
10	53
10	49
6	57
6	61
7	56
7	51
20	50
10	61
10	55
7	55
7	52
4	68
12	40
6	53
6	55
6	57
6	53
10	65
7	55
4	55
4	63
6	53
10	53
10	61
7	51
13	62
5	54
1	55
16	49
23	55
7	55
6	68
7	54
2	49
6	57
12	55
6	63
10	59
11	46
6	45
6	51
7	59
10	63
7	39
1	55
5	37
12	55
6	58
7	55
7	55
15	29
7	58
7	55
1	54
12	55
6	53
6	59
25	45
7	55
3	63
3	73
23	55
7	63
3	55
6	63
10	55
4	4
13	47
1	55
6	64
1	55
7	55
7	91
10	59
22	43
4	55
18	43
1	55
12	55
16	63
6	53
6	39
7	51
4	62
12	63
20	57
6	57
10	50
7	38
7	62
7	59
3	11
6	30
10	51
15	32
16	63
17	55
6	51
15	32
7	53
10	55
7	57
6	21
6	55
10	55
7	43
7	87
4	50
2	32
6	54
6	65
3	53
7	51
7	58
4	49
1	63
1	55
3	55
5	63
6	37
6	61
6	50
10	79
10	53
5	55
6	57
7	54
4	71
10	53
1	55
6	54
10	62
25	14
7	48
6	5
4	55
7	38
10	50
7	58
7	63
10	55
1	55
7	63
6	54
5	59
1	56
7	43
4	55
1	57
1	63
3	31
6	35
12	49
6	58
14	5
7	39
4	63
1	55
1	56
13	16
6	51
7	55
6	55
7	44
7	63
7	63
6	64
10	55
7	82
7	55
4	14
2	55
6	55
10	62
7	62
1	55
12	55
6	55
10	55
10	59
22	43
22	93
4	55
6	57
13	58
10	37
6	59
6	55
7	57
7	54
6	59
6	55
7	57
6	55
7	55
7	39
4	53
7	54
21	54
7	55
7	55
7	57
7	55
6	51
10	55
6	55
10	61
20	47
4	8
8	59
1	64
3	24
7	42
6	51
7	87
7	63
7	57
8	69
3	51
2	51
6	47
7	60
1	51
7	37
7	73
6	64
7	53
12	62
6	56
4	62
3	51
4	55
1	55
3	63
3	57
1	55
6	51
6	52
6	60
10	51
7	40
6	63
7	91
7	59
15	43
6	29
7	59
4	55
4	55
7	55
7	40
12	41
6	56
7	55
1	67
1	55
10	54
20	59
6	55
1	56
1	54
6	54
6	63
1	59
6	61
6	55
10	59
7	37
11	55
4	63
6	55
7	53
20	32
20	32
6	29
6	32
6	55
4	61
7	61
21	63
10	55
16	68
7	58
3	48
3	59
6	59
1	59
12	55
6	56
5	34
22	16
17	78
10	53
7	55
13	38
5	26
6	58
10	63
7	43
8	8
8	25
8	32
8	34
8	2
6	51
10	16
3	13
5	63
7	55
4	55
6	55
21	56
6	54
6	53
4	55
6	58
7	63
10	55
10	55
12	39
4	55
6	53
6	37
5	54
6	56
7	57
10	5
7	55
3	59
6	55
6	55
2	55
7	55
13	42
4	55
6	58
10	51
7	62
4	55
6	30
23	83
22	53
7	10
7	47
10	29
7	55
4	55
4	53
13	55
7	35
6	58
7	86
6	57
6	51
7	65
4	55
10	78
11	33
7	54
7	16
22	55
7	57
3	55
12	55
16	55
4	55
12	51
7	59
7	62
12	56
12	49
7	38
8	39
7	55
13	32
12	39
10	9
12	53
13	1
13	67
16	51
10	58
25	73
13	56
7	51
7	3
7	3
12	57
7	54
4	62
4	1
7	67
16	59
10	37
15	45
4	61
1	95
7	53
7	61
7	57
1	53
7	59
7	9
12	55
4	16
4	57
7	55
7	59
7	54
16	55
6	54
7	55
6	56
2	45
4	56
1	55
8	57
6	51
3	59
6	56
7	55
14	20
12	59
6	55
4	53
14	55
7	55
4	7
7	85
6	62
15	79
7	63
7	59
4	13
16	18
1	60
6	57
10	51
7	43
7	39
7	54
16	63
7	62
1	54
7	54
5	14
5	6
6	57
6	29
1	53
7	55
16	56
7	54
4	54
25	57
7	55
4	51
10	51
16	23
7	55
10	59
7	42
6	51
1	53
12	63
10	56
7	55
6	55
6	45
10	56
7	55
18	32
7	54
7	55
7	53
6	45
6	30
6	37
7	57
3	57
3	47
6	58
10	62
7	38
7	53
12	56
16	57
6	38
6	77
10	64
4	61
16	56
22	55
7	55
1	54
1	51
6	62
7	54
7	63
6	54
20	57
10	55
7	55
16	55
19	12
7	56
12	58
2	53
2	7
6	64
6	55
6	58
3	55
12	38
12	54
7	56
7	43
6	63
10	55
17	56
15	47
7	63
7	55
7	55
9	57
3	59
6	45
6	59
7	43
7	71
7	39
4	53
7	34
10	56
2	57
6	53
10	59
23	75
6	54
6	63
4	54
7	55
7	16
22	62
25	32
7	59
7	59
4	55
8	56
6	16
1	55
16	56
21	79
4	56
13	51
7	49
22	55
12	91
16	53
6	45
5	69
10	55
21	49
1	47
6	37
20	38
5	19
6	56
7	60
10	9
7	61
6	55
7	87
10	75
3	61
6	56
10	55
8	62
6	14
6	16
4	56
4	55
6	58
6	59
6	51
7	55
12	57
16	59
6	53
4	48
10	63
6	56
8	62
20	57
6	8
7	55
4	55
2	51
6	55
6	61
16	51
10	58
7	57
1	63
3	55
7	45
19	46
10	51
13	30
12	49
16	55
16	63
10	55
25	9
1	42
6	54
6	57
7	59
7	55
4	87
10	55
19	29
12	60
6	55
13	45
6	30
6	49
7	61
15	45
7	52
13	36
10	43
6	55
6	55
6	56
14	48
6	53
1	53
10	56
20	29
10	55
6	55
1	51
6	55
7	55
4	58
3	81
7	56
1	55
6	59
10	59
7	56
7	52
7	63
1	53
20	55
10	53
4	55
4	55
1	62
12	53
6	67
6	55
6	38
10	51
10	13
7	55
12	49
6	55
6	51
6	62
7	39
6	55
15	45
7	53
6	53
6	54
3	24
12	64
20	60
6	45
4	59
4	53
10	50
3	59
7	57
1	55
6	45
6	48
3	89
12	51
12	57
12	14
12	5
12	55
7	32
4	49
6	67
15	32
15	45
6	55
3	54
14	48
6	55
16	93
6	56
7	50
1	55
1	55
7	56
7	55
7	51
6	57
3	69
6	55
6	63
10	85
10	56
7	51
7	55
7	54
6	63
6	59
10	59
1	63
6	39
16	44
7	25
6	38
20	53
6	46
1	55
12	54
16	7
6	53
23	35
10	51
11	34
7	58
16	55
7	13
12	66
20	53
10	53
6	56
6	56
21	46
1	63
4	57
6	44
6	57
6	62
1	55
7	54
20	55
13	55
12	64
6	49
7	6
7	53
16	53
5	55
6	55
7	55
4	54
6	45
21	59
6	48
6	86
10	55
4	55
7	39
10	54
6	39
16	57
6	59
7	55
1	53
4	63
4	59
14	48
5	57
6	53
10	63
4	50
6	52
4	63
7	59
12	55
21	40
10	56
10	51
6	55
7	41
7	55
2	51
10	55
10	53
10	56
12	57
10	6
10	55
9	45
3	60
7	66
7	63
7	64
7	55
10	54
6	56
10	46
7	56
10	51
1	55
2	54
20	55
3	49
7	54
10	55
10	57
10	63
20	40
10	55
17	49
7	12
6	63
7	54
1	63
16	55
6	53
7	8
4	72
7	53
6	54
6	55
6	55
6	55
20	65
6	57
6	63
10	55
1	55
5	8
5	14
6	51
12	76
12	17
3	63
4	56
10	64
3	50
7	62
6	61
10	55
4	6
7	55
7	51
6	60
4	63
16	37
7	55
7	55
7	57
10	65
10	54
7	63
13	9
7	59
7	56
7	61
4	8
1	64
3	55
7	63
6	55
4	61
19	52
6	51
7	53
10	86
4	59
7	54
3	59
6	55
10	51
7	39
4	65
1	61
16	55
6	56
6	63
10	53
7	54
7	55
7	63
4	69
6	32
6	54
6	55
10	63
1	59
1	70
12	63
16	55
16	55
20	55
17	61
7	51
7	55
4	60
3	2
2	55
6	5
6	78
6	55
17	63
6	63
6	61
18	38
1	54
7	59
12	38
7	43
7	56
4	65
13	61
6	29
6	55
7	57
7	8
4	55
9	38
16	93
10	54
17	53
7	53
5	51
6	55
10	55
10	55
10	2
24	32
6	54
7	62
2	57
9	12
7	49
1	55
9	29
7	60
21	53
10	51
6	62
3	55
10	39
10	55
22	57
7	6
6	56
10	54
4	55
6	53
6	62
11	30
7	40
6	59
5	55
6	59
7	45
1	53
10	95
6	62
10	55
7	54
4	24
6	2
4	61
7	62
7	63
4	56
5	55
1	39
14	32
1	51
6	14
4	63
7	96
7	13
6	69
7	64
6	55
7	55
4	5
4	75
2	63
6	55
7	54
7	22
10	94
7	42
10	49
7	51
7	51
1	53
12	55
6	53
1	63
9	30
6	57
7	62
6	55
17	55
7	55
12	58
7	73
6	63
10	53
1	55
1	6
1	54
16	57
7	55
1	79
6	55
6	33
6	53
16	57
6	56
18	40
7	71
12	53
7	55
7	59
16	54
18	37
6	55
12	56
20	30
18	30
7	55
6	14
6	54
6	57
6	51
3	38
25	50
4	54
3	55
2	37
4	51
1	63
1	5
6	52
20	55
7	8
13	32
7	46
12	25
7	33
4	55
5	40
6	29
6	55
7	56
6	52
1	56
1	63
10	53
6	48
22	57
12	53
7	51
4	58
13	59
7	77
7	39
6	55
7	59
12	55
7	56
10	55
7	54
1	55
6	54
10	64
6	54
6	63
12	55
7	42
7	39
16	54
10	50
7	55
7	55
7	55
7	57
7	55
9	42
3	55
2	57
20	63
6	56
10	55
2	55
5	55
6	51
7	77
7	54
6	55
7	65
6	43
7	59
12	61
2	39
6	55
10	55
10	49
10	55
7	53
2	55
20	63
5	39
6	53
6	55
6	34
6	59
6	64
10	55
10	55
4	55
1	65
1	67
16	53
7	55
1	51
1	51
17	5
1	56
13	59
2	65
4	62
6	54
9	57
15	45
7	39
13	45
6	65
6	55
6	53
6	51
7	49
6	64
4	37
6	55
6	49
20	61
5	63
7	51
7	63
3	59
4	56
2	55
12	55
5	31
1	55
16	49
7	5
7	51
9	45
9	14
3	10
5	55
10	55
23	43
7	57
7	57
7	54
10	54
14	30
1	63
6	55
10	58
1	55
9	54
26	15
7	56
10	53
4	60
7	38
1	59
4	56
7	56
12	34
6	50
7	49
6	53
10	5
6	47
3	76
10	57
6	54
18	47
4	74
12	43
6	59
6	51
7	53
4	55
4	57
3	40
20	54
6	59
6	56
17	47
2	49
20	50
6	55
6	73
11	39
4	55
6	30
10	55
6	57
6	55
7	63
6	53
1	38
7	55
6	54
6	39
4	55
7	54
7	55
4	12
4	63
8	55
6	33
6	55
17	67
7	55
21	77
10	39
10	51
1	54
7	55
7	55
16	61
4	60
1	53
10	56
7	58
7	55
12	10
4	2
1	57
13	53
10	63
9	75
6	24
6	53
1	59
6	55
5	46
10	55
12	70
10	55
6	51
1	55
17	62
4	54
10	54
12	20
6	53
10	63
7	87
7	42
7	54
20	55
23	24
10	49
10	55
7	53
1	43
4	56
1	56
6	51
11	29
4	72
6	55
10	51
3	93
10	57
6	34
7	4
7	55
1	54
12	39
7	54
21	53
11	37
1	55
7	63
6	7
10	43
10	63
7	51
3	59
3	45
6	31
7	57
6	57
1	55
14	14
6	53
8	32
7	63
7	8
14	8
6	39
4	55
5	51
10	42
1	54
1	38
6	57
8	55
22	65
20	56
19	47
3	73
6	59
9	58
1	49
4	68
7	45
12	49
10	55
7	54
10	55
10	13
6	57
10	56
1	57
5	11
7	51
7	51
1	55
2	64
6	49
6	61
6	55
10	64
7	59
7	63
22	57
16	54
12	57
7	59
13	55
12	91
10	31
18	45
3	55
5	11
10	57
10	53
12	55
10	59
23	55
4	57
16	63
2	55
6	15
7	55
6	14
9	27
6	29
6	45
7	55
4	59
4	35
6	24
6	17
1	55
5	32
7	63
1	62
10	23
10	67
25	47
6	51
6	35
6	53
24	51
19	48
4	55
6	12
1	76
16	34
7	63
7	55
6	46
7	49
7	64
4	56
6	54
6	45
7	56
6	55
10	53
10	55
15	32
2	49
7	55
1	55
12	54
7	62
6	59
4	59
6	55
10	53
1	61
12	50
6	51
14	5
7	65
7	43
7	67
12	56
6	55
23	59
6	61
7	55
3	49
6	17
7	43
2	52
2	1
20	53
7	51
6	55
10	55
7	61
6	51
7	8
5	55
6	51
4	49
10	65
7	55
1	53
1	55
1	55
17	64
7	46
12	54
6	51
11	30
11	38
7	55
7	54
24	47
3	62
6	71
13	63
6	59
10	27
2	54
10	51
10	62
10	59
10	55
6	51
11	55
7	55
7	57
6	64
7	57
10	60
23	55
12	53
16	59
10	55
1	55
10	51
21	53
6	51
24	29
13	59
3	51
13	53
15	32
15	30
7	56
7	63
3	32
6	57
4	49
7	53
6	56
6	51
24	45
12	94
6	61
4	55
7	59
5	51
1	63
10	51
7	55
7	34
5	52
6	55
4	49
1	60
6	55
10	50
10	55
10	59
6	12
8	10
3	20
7	57
6	57
10	49
3	35
6	31
6	15
3	29
8	56
6	53
3	13
3	78
6	37
3	54
4	61
16	50
16	59
6	50
22	57
17	56
10	63
7	35
6	62
10	65
10	55
10	6
1	61
5	56
10	55
10	55
1	47
7	55
4	59
10	57
3	53
4	55
3	10
1	51
14	29
10	51
7	53
7	56
10	78
6	45
3	59
4	63
6	48
10	55
7	43
7	55
6	55
6	61
10	59
10	33
1	55
14	55
1	63
9	45
6	53
10	55
4	62
6	55
6	77
7	62
7	55
6	49
5	17
5	61
10	55
10	63
7	5
10	56
1	55
7	53
6	32
10	55
7	63
10	37
7	55
7	57
13	57
12	16
10	55
7	51
16	53
15	32
7	51
10	63
7	54
6	55
10	55
10	10
10	55
10	56
4	57
6	48
7	49
7	54
7	61
7	49
4	81
1	49
1	65
6	61
6	48
6	52
2	55
6	52
4	56
19	45
3	63
2	54
21	55
10	51
10	61
1	57
2	56
10	51
12	56
6	55
7	49
12	62
9	45
6	45
10	24
7	56
7	6
4	51
6	55
6	56
7	54
4	59
12	55
11	55
16	47
6	57
6	45
1	55
12	57
12	50
12	59
16	63
16	55
6	58
13	38
12	50
4	73
1	68
6	55
10	60
3	16
10	55
5	55
10	63
6	55
7	57
7	50
10	55
10	65
7	64
10	16
10	43
7	58
6	55
7	38
7	72
7	59
7	55
9	8
7	59
12	55
4	82
7	59
6	57
6	32
4	54
6	14
7	61
7	56
7	51
4	63
4	51
8	59
1	53
13	55
16	59
5	55
5	63
6	59
6	22
6	42
6	60
10	55
10	55
10	61
10	54
22	37
22	71
18	48
4	49
6	56
6	62
6	45
6	49
4	55
6	57
10	55
6	55
6	51
6	55
10	63
10	61
7	6
7	51
13	35
10	55
7	43
6	57
7	55
7	33
3	53
7	54
4	56
6	49
22	54
10	63
12	46
4	59
6	51
24	91
7	8
4	55
5	55
6	37
6	54
19	53
7	47
7	52
4	65
6	54
6	57
10	53
10	55
7	51
7	64
1	77
6	13
10	55
7	53
3	55
3	55
4	73
9	11
3	52
10	56
4	53
1	69
5	59
6	55
21	63
6	55
10	50
25	38
6	60
7	63
6	51
10	60
22	35
7	56
7	60
7	51
4	57
16	91
10	37
10	55
6	55
6	38
6	57
7	50
16	67
13	48
6	62
10	59
10	24
4	49
12	63
16	74
6	53
10	65
6	59
6	55
4	59
10	55
6	32
12	55
12	57
1	55
8	53
6	51
6	53
9	48
16	63
6	56
7	57
4	63
3	76
6	65
23	63
6	55
7	42
1	59
2	55
6	57
7	55
1	53
6	49
6	53
10	55
10	55
7	39
6	37
13	63
6	55
18	45
7	59
7	53
14	56
16	55
7	81
7	63
9	56
6	56
6	61
12	55
6	55
10	51
10	55
1	51
12	56
6	48
21	64
10	37
4	65
10	58
7	62
7	37
1	55
6	55
7	38
17	56
25	50
4	61
2	25
6	32
18	35
7	59
25	34
7	55
7	53
7	55
6	55
7	56
8	55
6	52
2	38
10	51
7	71
7	39
10	53
4	56
6	55
10	61
20	14
10	39
12	55
4	35
6	24
7	37
6	55
7	93
10	46
10	40
10	50
1	55
15	41
3	49
12	55
4	57
10	49
3	73
10	55
7	63
12	53
7	55
1	55
2	53
22	43
10	55
7	54
4	55
7	51
10	13
7	58
6	32
6	55
10	65
7	54
15	86
3	53
7	6
7	39
7	55
16	42
22	55
22	13
8	69
12	57
10	53
4	61
6	57
13	34
13	47
6	32
7	58
12	51
16	55
24	43
6	67
7	75
6	51
25	39
15	48
14	9
6	70
10	40
18	48
7	49
2	58
7	55
13	32
24	47
7	4
10	62
3	62
7	54
4	55
1	49
2	55
7	63
7	50
7	55
19	48
20	54
6	64
7	5
3	55
12	65
5	63
10	53
10	55
15	55
19	52
23	51
7	8
7	52
22	32
7	38
6	37
7	54
7	60
9	53
16	54
6	5
10	60
7	54
8	55
6	63
6	54
10	55
6	56
3	49
7	53
4	26
12	57
12	52
1	64
7	55
7	57
14	22
6	51
6	51
7	55
4	35
6	29
7	63
7	63
7	56
7	12
6	56
1	62
10	45
10	63
10	55
7	57
10	63
6	63
7	55
13	39
7	51
7	34
1	49
16	56
3	65
6	53
22	54
7	56
4	57
13	59
1	56
16	55
4	55
1	61
3	49
6	57
6	65
10	56
7	55
13	55
4	37
4	6
1	62
4	55
1	54
13	29
7	57
13	48
3	13
12	53
16	51
7	51
7	55
25	54
7	61
4	64
5	77
25	56
12	32
9	45
15	30
7	59
7	55
4	58
10	53
7	63
3	54
16	72
6	77
10	55
7	55
3	14
7	62
7	39
6	63
6	51
1	55
12	31
6	59
7	54
8	40
10	53
10	52
10	53
6	53
6	49
4	49
4	55
8	59
1	49
1	57
3	63
12	54
16	55
6	29
10	51
10	57
10	33
11	2
11	73
7	62
10	55
22	16
6	55
9	53
7	59
4	54
6	63
10	55
7	55
7	56
8	55
3	51
6	52
7	52
12	30
8	55
6	51
10	51
7	35
6	53
6	51
1	52
6	45
7	55
1	55
19	86
13	47
1	54
10	63
10	51
10	53
10	61
10	57
10	66
1	62
6	63
6	61
6	79
1	59
10	38
10	55
12	62
2	55
17	47
10	63
7	78
7	2
7	77
1	54
1	49
1	64
26	5
10	8
12	55
10	51
19	45
7	43
7	59
7	8
7	54
16	67
21	56
8	6
6	53
16	64
12	55
7	55
7	38
1	62
7	55
7	54
20	76
6	52
13	45
5	6
12	61
1	53
7	8
7	51
7	59
3	14
6	55
10	53
7	51
10	63
1	56
6	54
14	1
7	55
4	59
6	53
14	28
13	23
7	55
6	47
6	53
10	55
7	57
2	59
6	54
7	37
6	57
7	86
8	62
1	69
2	4
10	57
7	72
7	63
5	51
4	51
7	85
12	55
6	65
7	55
7	38
12	55
23	55
6	12
7	59
7	63
6	51
6	55
8	39
7	4
7	53
7	55
4	8
1	55
2	62
6	5
6	45
6	13
6	55
6	55
7	10
7	55
7	55
7	61
7	78
4	55
1	54
3	55
12	49
12	55
16	62
10	59
10	57
10	53
10	38
10	55
10	64
17	43
16	55
5	51
2	52
6	55
19	29
7	44
6	39
6	55
2	55
10	54
15	32
7	48
7	51
7	55
6	47
7	8
7	39
10	55
14	65
7	39
4	5
7	38
15	46
6	77
13	61
1	54
6	37
10	53
12	53
10	53
7	95
4	55
6	53
18	48
18	48
7	16
1	55
10	45
4	54
6	33
7	55
7	56
7	53
1	51
6	56
6	59
10	57
4	51
12	52
10	55
3	55
7	49
12	55
6	56
7	55
4	55
16	53
6	57
6	55
10	60
7	51
6	51
4	54
1	55
12	94
2	55
6	56
10	62
15	32
16	55
6	53
1	54
10	62
10	54
10	55
3	41
10	50
10	55
7	62
1	55
10	53
7	57
6	55
4	65
7	6
4	49
7	53
10	55
4	57
10	56
4	56
13	55
7	54
7	30
7	37
7	83
6	57
10	51
2	60
2	95
6	29
7	54
7	51
14	42
6	54
16	63
6	7
7	56
6	55
24	45
4	51
6	62
10	65
6	95
6	22
6	54
7	59
7	55
12	86
6	32
10	55
2	51
10	56
1	56
6	59
7	40
6	35
10	54
7	55
10	55
7	55
12	56
1	63
10	77
1	64
7	56
3	67
4	55
3	61
1	56
20	57
5	56
7	61
12	71
12	56
16	71
6	55
7	63
7	53
6	55
16	39
19	46
7	43
10	61
7	55
6	55
10	74
7	55
9	51
3	55
1	56
10	49
7	49
1	44
23	55
6	63
16	57
7	75
7	59
7	62
7	8
4	6
10	55
10	53
7	64
3	45
4	56
10	55
12	15
10	49
7	56
1	58
12	33
22	73
6	64
6	59
7	39
4	55
12	41
10	53
10	89
7	63
6	51
10	52
12	59
6	60
6	49
13	59
10	55
13	46
6	30
12	59
16	58
7	43
12	14
23	49
6	10
7	39
7	55
6	19
21	50
4	67
16	63
6	6
12	55
10	55
1	56
13	53
13	57
4	59
13	49
4	55
20	45
4	55
1	55
6	51
7	63
6	37
6	24
6	38
6	55
10	61
3	57
10	55
5	13
10	56
7	37
7	43
6	55
6	55
7	1
4	51
12	51
6	13
6	9
10	63
10	61
7	57
3	30
22	55
4	53
10	59
10	63
7	54
7	55
6	63
25	48
7	57
1	57
5	63
6	2
7	55
24	48
24	29
24	32
7	39
12	56
12	39
9	8
7	64
7	56
7	61
21	51
10	52
7	55
1	55
6	26
4	49
12	55
10	56
10	59
6	62
6	53
6	49
4	70
25	35
2	43
21	55
16	55
6	91
6	51
7	55
10	55
7	43
6	63
6	53
10	55
14	2
4	57
7	60
6	55
6	63
6	47
10	57
6	60
6	56
10	55
3	24
9	14
16	59
4	49
6	63
10	56
7	55
6	54
10	55
10	54
1	58
12	94
7	55
10	38
7	55
7	57
2	55
5	55
7	59
20	64
6	51
10	55
6	55
6	87
6	29
9	55
7	55
25	29
6	55
6	56
7	56
6	17
7	50
1	53
12	76
6	51
3	18
10	55
7	54
9	85
2	52
6	54
10	53
7	60
7	55
7	55
4	53
4	61
3	55
12	55
5	50
10	63
7	55
6	55
7	63
6	63
6	53
7	65
4	51
1	56
12	64
10	52
23	50
1	62
12	62
16	62
15	48
15	14
15	45
19	32
8	1
6	57
18	45
7	55
6	55
15	29
10	55
6	38
14	71
7	54
7	55
7	55
7	43
12	55
7	55
7	54
3	56
10	55
10	62
7	55
7	55
7	55
7	49
6	55
16	59
10	55
23	54
6	55
6	63
3	39
10	55
7	55
12	6
6	61
6	38
6	37
13	47
6	54
6	14
3	47
4	55
2	55
6	64
7	38
7	54
10	59
10	53
7	44
4	54
25	14
10	55
7	55
7	55
6	55
10	55
7	55
1	52
6	50
10	55
4	54
3	48
6	54
7	56
5	55
10	55
13	42
13	55
6	58
4	49
4	28
4	61
12	53
6	47
3	55
16	54
6	53
10	71
6	62
13	55
7	50
16	48
16	48
6	54
10	35
10	6
7	54
7	5
4	51
16	57
10	55
14	35
1	51
1	53
1	63
12	55
12	39
2	86
5	55
10	57
7	55
4	54
1	51
10	55
4	51
24	47
7	37
7	58
6	57
16	49
2	55
6	68
6	55
7	55
7	55
5	54
10	37
4	55
1	63
1	55
1	55
12	14
16	43
6	29
7	7
3	34
7	55
5	53
7	59
6	57
6	55
6	55
15	21
6	59
6	63
1	56
9	43
24	45
12	53
10	53
10	51
7	59
6	51
7	51
8	6
9	67
6	61
4	39
6	63
7	31
7	51
3	63
22	35
12	68
10	59
1	51
6	54
7	51
3	13
1	56
1	55
7	59
7	43
9	55
6	59
17	63
7	55
6	62
10	39
10	55
10	62
7	32
10	55
7	53
5	43
5	55
4	35
7	35
3	49
6	40
6	53
6	56
10	54
6	77
7	57
4	55
4	53
6	55
6	54
7	63
6	1
6	49
11	44
7	50
4	55
4	65
5	49
5	57
6	63
21	54
25	74
6	16
6	55
6	51
6	56
13	80
6	61
7	88
8	55
3	73
6	55
4	57
12	63
10	87
1	55
7	55
12	42
10	64
4	55
6	5
22	33
15	16
4	63
6	51
10	55
4	50
5	54
12	55
13	47
7	55
7	51
7	55
3	55
6	55
7	56
6	51
13	63
14	32
7	43
14	17
6	53
7	50
6	57
4	54
6	39
1	63
10	56
21	51
4	55
6	51
6	1
10	54
7	55
10	59
6	38
4	51
4	55
6	49
8	24
7	43
7	63
4	64
13	55
6	43
1	55
6	56
5	65
6	61
6	53
4	63
13	55
6	52
6	64
5	53
10	77
7	39
1	55
12	51
6	6
6	49
20	2
16	64
13	32
6	51
13	55
6	63
7	63
1	56
6	32
6	57
6	59
7	59
7	55
6	56
18	35
6	51
7	55
7	55
1	58
7	51
1	55
1	63
16	55
12	52
16	56
6	49
4	51
7	39
7	55
7	61
1	55
6	54
6	53
6	26
6	55
7	55
4	34
4	51
1	55
7	1
6	53
6	55
6	54
10	55
10	53
7	49
1	77
10	55
23	39
4	55
7	63
15	14
7	63
7	13
7	57
7	56
1	57
7	17
13	46
7	55
6	62
10	51
10	70
15	29
15	29
9	56
5	32
6	77
10	53
15	16
1	55
3	56
16	49
5	64
6	9
6	55
10	62
23	49
7	43
7	63
6	45
7	53
6	58
24	47
6	56
25	47
6	53
7	63
6	56
6	60
6	53
7	57
6	5
7	39
4	55
13	47
6	55
4	37
2	62
10	73
7	56
7	95
7	57
4	53
5	55
6	14
6	93
17	32
6	54
10	55
10	54
11	39
7	66
6	56
21	55
25	45
25	29
7	55
15	30
4	57
6	7
10	73
7	50
7	8
10	55
1	54
12	28
7	51
7	63
24	47
6	45
4	7
3	10
10	53
6	61
6	34
7	55
4	55
6	54
1	63
6	81
6	32
10	56
15	29
22	55
7	60
7	55
6	45
6	45
2	54
6	32
4	62
6	46
6	45
1	55
1	55
5	31
18	32
7	53
7	55
7	54
6	55
7	55
4	55
4	61
10	55
7	35
6	29
6	13
6	51
10	61
7	57
7	55
6	58
10	63
6	38
7	42
5	45
4	10
12	42
17	54
6	55
4	42
6	55
7	51
7	55
4	55
20	54
1	61
20	45
7	55
1	60
1	86
7	44
1	57
6	55
10	38
7	59
6	38
6	56
6	37
10	55
13	13
13	55
6	51
6	59
4	55
4	59
10	56
4	61
1	63
12	51
4	54
7	55
10	62
10	55
4	49
6	45
7	55
12	47
6	55
10	56
4	59
13	55
7	55
6	57
10	81
14	14
3	32
6	55
1	55
12	51
6	55
10	59
7	64
7	59
6	47
10	59
7	57
24	39
10	55
10	57
1	55
10	55
7	55
6	48
3	51
7	43
7	75
7	64
7	39
10	7
4	55
13	32
10	55
6	55
8	59
1	63
13	50
2	49
10	55
10	55
1	50
9	21
3	42
6	56
6	64
12	55
3	41
7	55
3	65
3	79
6	59
6	62
7	37
6	59
7	54
10	55
25	29
6	60
7	55
13	48
10	54
7	55
1	1
1	63
5	7
7	56
1	55
6	16
7	55
13	13
13	29
13	44
7	55
7	63
10	50
14	94
7	54
3	39
7	54
12	54
1	54
12	70
7	8
4	55
12	53
3	57
7	43
15	43
7	53
6	55
22	53
3	87
2	56
11	5
7	64
3	55
6	57
23	47
7	79
13	56
3	55
6	50
5	54
1	55
1	54
6	59
4	55
4	54
12	46
6	55
7	51
4	53
6	51
14	32
7	63
7	49
10	54
10	22
10	16
5	53
7	53
4	56
1	61
1	59
6	55
6	55
8	12
8	34
9	12
9	34
12	24
4	56
12	62
23	56
6	94
6	5
6	55
6	60
15	45
4	63
6	61
10	53
22	65
7	64
7	56
7	55
3	74
16	55
20	55
6	55
6	46
10	55
16	55
2	53
2	62
6	56
6	51
10	55
11	38
14	46
4	52
1	57
12	19
20	53
6	56
10	33
7	14
6	56
18	45
7	35
4	55
6	55
6	55
7	54
6	57
6	35
10	63
10	56
6	55
6	55
7	16
7	55
4	54
5	71
6	55
6	56
6	14
6	6
6	55
7	38
4	63
7	62
10	54
10	55
11	29
10	55
7	59
12	64
22	55
10	53
7	37
1	55
7	55
6	64
7	61
6	61
10	62
6	48
25	32
7	39
4	37
6	55
4	37
13	29
16	63
6	59
10	37
4	60
13	59
4	56
10	51
7	33
10	51
10	57
7	51
3	57
10	53
4	38
7	51
12	59
15	7
14	11
13	54
16	59
6	55
14	60
3	56
7	43
10	63
6	62
6	55
7	72
7	49
6	55
16	45
7	57
7	55
15	31
6	61
10	54
12	57
3	59
7	55
1	51
7	55
9	29
7	49
10	55
17	56
3	58
6	56
9	7
1	61
1	51
7	55
3	54
7	8
6	56
6	56
17	63
3	53
6	61
11	32
6	59
10	63
7	55
7	55
1	59
16	28
12	48
14	55
7	59
7	59
2	61
6	59
10	55
10	54
10	13
16	55
12	56
10	54
7	56
6	38
7	55
1	55
23	87
7	53
5	54
10	53
12	57
6	57
7	49
10	51
1	53
4	13
6	54
7	56
5	54
7	55
7	46
1	54
6	32
7	51
1	59
1	55
13	35
2	16
6	49
6	45
15	13
3	29
6	32
6	53
6	56
10	55
14	63
18	88
4	54
6	57
6	55
4	51
7	55
3	49
4	49
15	45
7	54
3	35
6	55
6	53
10	49
22	63
11	45
1	63
1	54
10	55
7	5
4	33
7	38
6	63
6	56
1	54
10	54
7	59
6	56
7	56
1	55
6	52
7	55
14	55
7	55
1	39
10	59
10	91
10	59
1	60
3	19
10	38
4	55
22	50
6	31
1	56
6	59
16	14
17	46
8	30
12	51
6	51
10	54
5	57
6	55
6	49
6	53
6	67
6	54
10	53
10	59
10	55
22	63
12	55
7	63
3	90
1	40
16	62
7	58
7	55
10	51
7	55
7	56
6	31
6	47
7	53
1	53
11	46
7	55
4	8
8	9
13	29
6	55
6	65
10	47
7	55
7	59
7	59
16	29
6	61
6	55
6	55
7	55
7	55
12	57
9	56
20	13
6	56
10	63
7	71
3	8
6	62
4	55
7	51
1	79
10	63
10	59
3	55
6	55
3	61
2	55
24	32
6	55
6	62
5	64
6	52
6	53
6	56
7	55
1	55
25	44
7	55
7	55
9	43
10	59
10	61
13	49
7	47
1	63
2	56
5	51
6	59
7	55
7	54
12	51
10	5
10	62
10	24
6	49
6	55
7	56
7	61
5	24
6	90
7	6
4	77
4	41
2	55
6	58
6	57
10	53
7	55
16	57
4	51
12	55
7	55
12	35
10	24
10	55
6	55
7	62
6	54
16	50
16	55
6	56
10	55
16	55
6	63
6	55
6	57
1	59
16	62
6	58
10	56
7	62
7	55
4	40
4	55
7	51
1	56
21	93
3	64
6	55
7	37
7	54
4	95
12	53
7	55
7	55
7	39
8	55
25	46
6	39
12	51
14	30
7	56
10	55
6	55
7	51
4	53
9	13
7	64
6	53
21	55
1	38
6	55
10	61
1	53
12	30
7	54
6	29
10	55
4	55
6	57
5	41
12	53
6	49
10	57
25	77
23	56
7	35
6	43
7	53
4	57
2	61
21	51
3	53
10	53
4	59
12	55
16	56
3	45
3	54
6	51
10	64
8	42
6	59
13	47
1	53
20	63
7	33
17	53
7	56
12	53
7	63
6	29
7	6
3	3
3	63
12	49
21	87
2	54
1	65
9	41
10	55
19	29
7	55
10	51
13	63
12	54
7	38
4	63
16	51
10	55
16	53
6	54
10	65
7	54
20	59
23	45
7	51
4	51
4	55
1	63
3	28
12	55
6	37
10	54
10	55
22	55
7	55
7	55
7	54
12	56
9	55
4	54
7	59
7	60
7	43
1	63
1	55
6	42
12	51
7	42
4	55
10	55
22	56
7	55
16	54
10	55
7	51
22	59
10	56
7	49
16	55
6	56
10	54
11	26
7	55
6	53
10	63
6	63
21	14
10	55
10	59
10	59
13	59
6	57
6	63
7	55
10	57
6	52
6	53
10	39
1	55
7	54
2	53
6	29
7	54
10	61
11	24
6	55
6	57
14	48
20	61
10	63
16	55
15	32
6	55
13	55
9	32
13	28
6	55
6	50
6	51
4	63
7	49
20	29
7	43
6	14
7	56
20	55
10	95
17	51
12	55
7	43
7	49
12	93
10	57
13	42
20	48
6	56
4	55
14	28
14	56
13	51
6	63
10	64
7	51
5	62
10	55
12	55
4	54
4	56
8	30
8	41
8	29
3	53
6	5
6	68
7	59
7	70
7	47
6	57
19	45
10	11
18	39
7	75
4	54
1	55
6	54
10	57
7	5
4	64
6	9
14	55
6	55
22	5
22	14
4	63
12	52
6	69
10	54
10	55
1	60
6	59
7	39
7	59
1	55
10	55
7	51
7	8
3	25
6	56
23	6
7	56
16	55
7	55
4	54
6	29
17	55
3	59
10	56
22	55
10	55
1	57
6	61
15	32
1	53
12	55
10	63
1	55
7	37
7	40
7	56
7	55
10	10
12	73
6	58
3	49
7	59
7	55
20	53
6	55
6	78
10	55
7	43
24	37
14	41
10	59
7	57
25	48
1	55
7	95
10	55
4	57
8	51
3	61
25	39
16	55
6	51
9	53
7	39
6	14
6	45
6	54
3	54
16	53
7	29
7	55
6	55
11	46
6	56
4	63
4	56
15	30
1	55
12	87
16	63
6	31
7	63
2	53
6	14
6	29
7	61
12	88
5	49
10	49
7	51
1	61
6	54
7	57
7	63
7	49
6	49
4	51
7	55
7	52
10	55
7	54
20	55
10	55
17	55
7	59
1	71
10	55
10	53
4	54
1	54
1	55
26	39
14	46
7	55
12	55
6	55
10	51
10	55
25	48
12	58
7	61
7	49
4	55
3	5
4	55
7	55
10	40
7	54
7	55
1	56
7	95
9	61
7	62
13	38
2	56
4	55
6	37
13	14
6	56
7	49
8	45
6	49
10	42
6	49
7	67
4	60
1	54
6	65
10	53
7	75
7	57
7	53
7	65
7	59
6	63
1	56
9	62
6	38
7	96
13	48
6	55
10	55
6	51
6	53
6	47
6	64
6	55
6	14
10	56
4	55
20	57
22	6
10	55
1	55
3	70
6	53
7	61
5	6
10	49
4	56
7	43
7	55
6	32
4	37
7	55
10	54
6	73
20	57
6	51
12	62
10	53
6	55
4	53
6	29
10	58
4	62
6	73
7	63
1	57
13	51
7	56
7	62
12	8
6	45
10	55
10	63
4	54
6	55
12	55
6	56
1	53
6	60
3	53
16	59
10	55
1	56
5	13
6	55
7	58
6	51
3	49
4	2
12	51
12	95
16	65
10	59
5	51
6	37
6	55
7	55
7	55
6	55
7	55
7	63
11	35
13	49
6	56
10	61
7	54
4	46
1	59
3	55
12	65
20	64
6	32
6	30
6	64
6	55
6	63
7	63
7	55
4	55
1	35
3	41
3	51
3	55
12	45
16	55
2	64
20	55
6	46
11	53
15	45
26	41
18	46
25	73
23	35
23	63
7	43
1	49
24	39
12	40
11	30
15	14
6	79
10	63
6	77
7	63
10	61
7	56
4	55
16	55
6	49
2	42
1	55
5	55
6	55
7	59
6	54
7	55
12	55
6	40
10	89
10	61
13	55
7	42
7	66
7	12
16	63
6	63
7	55
6	55
10	55
6	55
7	35
12	54
6	57
10	63
10	55
7	53
13	16
12	53
6	56
3	9
6	55
7	53
10	10
7	62
12	65
7	56
3	92
12	57
6	56
1	55
16	53
10	55
7	52
7	67
12	55
10	57
6	57
6	29
1	55
16	55
12	63
17	53
1	49
12	96
6	56
13	54
16	56
7	55
12	59
14	45
7	38
12	91
16	43
10	54
7	42
1	63
1	53
16	63
6	55
6	55
10	55
13	56
12	51
7	39
13	61
9	55
3	56
16	59
6	48
6	45
6	32
10	55
7	55
4	53
20	49
6	59
6	48
6	49
12	8
14	29
7	54
9	68
10	55
7	49
7	55
1	51
3	83
10	59
2	55
7	55
6	62
6	54
6	14
10	55
6	59
9	45
7	55
7	39
14	34
2	62
7	56
7	60
1	49
6	56
3	51
6	62
10	63
16	51
10	55
13	53
6	60
7	51
4	55
10	54
6	5
7	93
1	56
4	55
4	17
14	17
10	57
7	55
7	55
6	56
1	55
6	56
7	51
21	38
11	65
3	29
10	55
7	2
3	51
3	41
7	55
10	5
12	50
10	55
12	59
7	44
17	49
10	51
7	55
2	59
6	53
10	51
6	56
7	55
7	53
12	45
6	64
10	55
7	63
7	61
6	45
6	59
7	60
1	58
10	51
11	30
4	63
9	49
16	64
10	55
14	32
7	59
7	68
7	55
7	55
7	63
4	55
4	5
4	63
1	54
1	55
1	60
1	63
13	46
3	64
12	51
12	55
12	52
6	32
6	33
6	61
6	55
6	55
6	62
6	45
6	58
6	5
6	55
10	55
22	70
17	49
15	29
19	45
6	49
10	62
6	55
10	59
1	59
6	39
6	55
21	55
10	55
10	87
7	57
12	57
6	54
10	53
10	55
7	55
5	49
6	45
6	55
6	55
6	63
10	55
10	54
10	55
7	59
8	55
20	53
6	63
7	7
7	60
4	8
6	86
21	55
10	55
1	54
1	55
6	30
6	61
7	61
3	55
16	54
6	56
3	51
3	1
7	15
2	53
7	6
22	54
8	57
3	59
10	56
7	39
1	51
12	59
17	34
20	56
6	64
10	62
6	55
7	54
7	55
4	58
1	87
13	55
6	63
10	54
3	55
12	53
10	64
7	6
7	55
7	10
10	50
1	61
1	57
2	53
10	55
7	55
6	32
2	55
2	56
6	67
20	55
13	59
12	53
5	53
6	55
7	54
12	54
6	55
6	50
10	51
7	3
4	62
1	14
6	55
6	53
6	56
10	55
10	58
4	55
3	10
7	55
3	55
12	60
16	41
6	55
6	60
6	49
7	49
6	63
7	67
7	55
7	55
1	52
12	87
6	35
7	54
4	55
6	55
6	55
7	55
7	55
1	55
12	24
10	63
10	42
10	59
10	64
7	83
6	55
6	29
6	55
10	55
1	55
3	65
12	55
6	56
10	55
7	54
1	55
7	56
1	55
6	53
7	46
7	55
16	55
6	55
7	63
11	48
7	56
7	40
6	54
6	30
6	55
1	29
7	55
6	48
6	62
6	37
7	37
4	39
3	35
12	5
24	29
26	38
9	57
6	38
4	55
3	91
12	35
6	55
10	62
7	53
1	54
16	58
6	55
6	31
3	46
12	53
4	55
6	63
10	55
6	54
6	51
6	62
10	56
7	64
24	45
13	49
7	55
14	6
1	58
4	69
6	49
10	65
6	51
6	55
6	29
15	29
11	47
7	61
4	55
1	63
16	55
10	51
7	65
7	63
7	55
1	39
13	29
12	56
10	63
6	55
7	56
6	59
12	39
6	33
3	56
12	15
20	29
25	29
7	51
7	55
13	55
6	39
4	55
1	54
1	55
25	47
4	55
10	55
7	53
1	55
6	53
6	59
1	55
6	53
11	15
3	55
7	55
1	55
1	49
13	55
9	45
6	64
6	55
14	32
14	45
6	57
4	55
10	53
7	64
7	63
7	61
7	72
16	77
8	53
1	51
3	29
6	89
6	1
6	54
1	51
2	47
13	55
10	61
7	55
21	53
10	63
10	57
6	61
10	70
6	65
7	56
6	63
7	57
7	54
10	57
8	21
7	55
3	55
6	57
18	46
1	55
14	8
7	55
4	55
1	54
14	25
7	63
1	52
12	9
7	55
1	55
1	55
17	53
14	83
7	51
7	51
10	57
10	59
10	57
10	54
7	57
12	32
6	55
7	62
6	57
6	56
6	53
1	51
13	55
21	54
7	9
3	59
6	54
10	55
1	54
9	8
3	55
16	55
6	59
7	55
24	45
16	55
7	55
13	45
10	55
6	51
10	63
7	51
7	58
1	59
1	51
10	51
7	2
6	60
6	59
10	55
7	55
6	54
7	55
4	52
3	54
2	54
6	59
10	55
4	55
7	56
6	62
10	62
13	63
5	69
6	29
4	55
6	55
13	57
26	40
26	47
5	77
10	77
15	39
25	78
23	36
15	41
17	47
15	76
7	7
6	14
18	15
6	49
7	61
3	62
6	53
6	57
10	68
10	56
9	10
10	53
7	3
10	34
6	55
1	56
7	57
7	51
1	64
1	55
12	56
6	49
10	63
10	55
6	63
24	39
10	49
10	16
15	46
16	46
16	67
6	59
6	53
10	54
3	37
7	53
6	54
1	59
9	55
6	38
10	55
16	69
6	59
6	45
1	55
13	35
8	6
19	55
7	82
6	21
1	55
2	55
22	45
7	59
19	40
7	54
7	55
1	39
7	63
7	56
1	62
6	38
10	55
7	39
4	55
6	53
6	40
13	86
7	54
1	65
13	28
10	42
13	54
12	39
7	55
4	62
6	55
5	57
1	59
3	61
24	76
4	64
12	55
6	54
6	59
7	63
1	49
7	57
7	51
11	38
7	4
7	53
6	57
7	61
7	64
3	44
7	55
20	39
4	63
1	59
6	57
7	57
1	55
1	55
13	55
7	61
1	62
4	38
6	34
13	32
6	29
14	62
6	55
3	55
1	54
6	47
6	63
7	39
3	13
6	55
6	55
7	59
7	73
1	65
9	30
7	13
6	54
7	56
3	56
7	62
5	34
6	51
10	55
6	55
10	54
1	56
11	6
8	32
6	53
14	16
14	55
7	5
6	55
10	54
10	74
9	88
3	40
20	55
10	55
4	59
5	55
10	55
7	55
1	57
6	55
7	55
7	62
3	63
12	63
5	15
10	55
4	62
12	63
6	61
4	63
15	45
4	61
6	55
7	56
7	53
7	43
6	54
6	29
3	63
12	58
6	59
7	55
10	38
1	62
7	50
7	13
1	60
20	30
10	55
7	79
6	55
16	57
13	55
16	65
24	29
14	1
6	55
10	63
9	63
10	55
17	46
7	63
4	55
4	57
6	63
7	55
4	55
10	55
12	20
3	55
12	54
16	57
10	54
12	55
11	72
14	33
7	51
12	24
6	55
7	33
10	57
6	38
7	57
7	55
3	55
20	30
10	57
19	54
8	42
9	51
6	37
11	43
6	59
6	55
12	63
4	63
7	63
7	55
7	63
1	63
4	63
1	55
12	56
6	13
6	53
13	54
5	59
6	54
18	32
4	55
4	55
12	55
6	51
14	32
6	55
7	65
7	58
4	63
6	56
1	52
10	57
7	54
7	7
6	53
19	57
10	69
10	51
26	35
2	42
7	51
6	53
3	52
2	57
10	59
7	43
16	55
6	24
6	51
17	55
6	61
10	55
10	54
23	45
7	55
7	63
13	53
6	49
6	63
13	63
9	63
5	63
23	63
12	55
16	62
6	54
10	54
10	55
3	55
9	47
6	54
5	55
10	55
6	53
11	47
23	55
3	62
6	29
3	45
6	32
7	51
13	55
7	6
13	45
16	46
6	54
6	47
6	57
4	54
1	55
13	58
3	95
6	41
10	55
7	14
7	54
13	48
7	8
13	76
7	53
24	13
7	35
7	51
6	56
7	53
20	13
3	23
6	59
7	63
10	56
14	70
7	55
6	55
17	32
7	55
5	55
9	58
7	43
24	45
20	54
1	51
6	56
10	55
7	60
4	54
8	54
1	59
5	58
4	55
6	32
6	47
10	55
10	59
1	55
1	57
7	51
3	49
7	55
5	54
7	55
3	57
7	40
10	55
7	55
7	55
7	55
10	55
4	55
5	49
2	63
4	56
12	64
5	3
10	55
6	45
1	62
6	51
6	29
10	55
10	55
1	49
13	93
6	50
1	58
6	55
10	55
5	62
10	51
7	55
7	55
1	55
6	55
6	63
6	51
10	55
16	63
6	62
10	53
7	58
15	48
19	29
6	59
1	14
9	53
14	18
12	53
6	39
10	55
7	55
1	55
6	53
6	61
4	55
7	55
6	55
7	54
7	8
20	48
6	51
7	54
7	55
4	63
1	56
3	7
6	56
6	57
6	55
6	51
10	59
22	53
7	57
7	13
4	16
4	53
7	56
6	49
1	56
1	55
4	55
6	54
3	32
10	55
23	45
16	54
16	67
2	51
6	61
6	54
7	55
7	63
4	57
1	55
5	55
6	59
11	43
7	63
7	52
4	55
4	63
12	53
2	77
6	55
6	65
8	15
8	8
8	45
8	48
1	55
6	55
6	24
10	53
1	7
10	57
4	58
1	57
3	67
6	35
10	51
10	61
21	35
10	62
6	51
6	45
6	56
7	61
4	56
1	43
10	53
7	55
16	55
16	54
16	20
5	67
6	55
5	55
6	55
10	55
1	59
1	56
5	54
7	55
5	55
10	63
12	53
1	63
4	53
6	62
1	55
7	53
6	57
20	51
6	56
10	55
3	53
10	56
13	48
7	49
2	53
6	51
6	52
7	61
6	53
9	55
10	55
7	56
4	55
6	59
7	35
4	51
1	53
10	64
7	55
6	63
12	55
1	55
7	40
7	87
7	63
2	59
6	61
10	53
4	55
12	13
6	49
7	56
4	55
4	59
7	8
12	51
13	32
16	53
7	49
1	51
16	63
1	49
6	53
7	49
7	37
13	59
1	55
3	54
4	54
10	51
10	16
7	55
6	29
2	59
10	56
4	38
7	55
3	51
4	51
14	33
9	56
6	54
4	55
4	55
5	59
11	48
10	64
5	51
24	8
6	52
7	51
7	55
3	51
7	57
20	57
4	55
4	59
8	54
6	55
7	59
11	6
1	59
7	9
7	51
4	59
16	63
10	55
6	55
10	55
10	55
1	55
7	51
16	64
10	87
24	29
16	55
12	47
7	65
3	63
5	51
16	55
14	52
7	60
1	76
10	55
17	49
10	64
20	16
6	59
10	46
25	39
7	60
16	54
6	54
1	55
3	70
14	54
4	39
3	53
1	49
3	55
8	24
7	61
4	38
4	55
7	55
3	55
6	59
6	57
12	62
5	55
6	29
1	51
3	53
10	56
7	53
14	50
3	40
4	48
12	62
10	53
12	55
12	51
6	53
6	61
16	72
16	53
2	54
10	49
7	53
20	13
7	59
1	67
10	59
10	55
16	60
3	32
3	54
7	63
7	57
13	53
9	56
10	57
7	63
10	49
7	61
3	51
12	51
4	6
7	51
8	54
23	54
7	61
4	55
13	57
10	55
6	63
16	37
16	55
7	49
1	72
1	59
16	56
6	53
6	59
16	55
7	59
1	62
10	63
4	55
13	17
10	49
10	55
10	6
5	59
15	29
4	14
6	53
4	57
16	51
7	55
10	80
14	6
10	18
10	49
1	54
6	59
10	53
10	53
4	65
4	63
4	55
10	49
8	55
7	51
5	60
12	5
10	49
14	33
7	33
7	69
7	17
7	16
7	75
7	33
12	49
7	42
9	54
3	65
12	51
6	63
6	58
23	51
7	55
3	55
7	63
6	50
13	55
12	51
10	61
10	56
17	54
10	55
1	38
10	55
6	51
10	87
6	56
1	64
3	63
3	51
4	51
7	55
6	55
6	55
7	50
1	56
7	65
14	55
3	1
3	77
6	49
7	72
16	53
6	55
10	55
14	55
7	49
2	67
12	59
6	60
7	47
10	61
10	55
4	16
20	51
10	51
12	56
6	62
10	73
7	55
7	5
6	46
6	55
6	53
1	55
3	32
10	9
1	61
3	65
4	6
15	14
10	51
7	61
10	34
16	17
16	57
6	45
1	88
10	55
7	59
2	54
10	55
1	55
6	49
3	14
6	62
7	55
7	63
16	55
23	9
13	55
6	55
10	55
22	59
12	57
7	53
7	57
4	51
4	13
7	51
10	56
7	56
10	55
1	63
1	86
10	67
4	54
6	57
3	64
6	6
3	52
10	55
10	87
4	55
16	53
1	63
16	78
16	63
6	56
6	56
25	82
4	27
6	49
8	29
6	51
4	59
6	65
10	54
1	59
10	58
10	54
7	54
5	56
4	55
6	45
6	53
7	38
7	37
1	43
6	4
1	55
6	56
4	75
13	68
5	51
5	55
10	87
5	89
1	55
10	10
7	59
10	35
6	43
10	61
7	62
3	54
15	32
7	54
6	38
6	43
7	51
6	49
7	54
12	61
7	37
10	55
7	53
7	55
12	65
6	63
10	57
4	55
15	45
2	55
10	51
12	50
20	57
4	63
16	55
2	54
7	59
7	55
6	29
7	55
7	55
7	69
4	14
4	55
3	54
20	54
5	59
6	55
6	39
10	54
7	75
1	54
1	54
10	93
8	16
12	7
7	56
10	37
4	57
6	55
10	49
22	57
15	48
23	39
6	61
10	49
14	48
6	49
6	74
10	67
10	52
7	63
16	56
4	51
4	49
3	66
6	49
10	33
10	56
2	55
10	54
4	55
1	51
4	39
6	59
20	63
10	57
1	53
7	56
6	55
10	54
10	60
7	60
4	55
1	49
6	55
22	55
10	39
5	55
3	39
6	54
4	55
15	32
11	48
16	13
3	39
6	53
2	56
21	63
7	63
7	39
7	55
7	54
6	63
7	63
10	58
22	51
3	55
6	56
10	51
7	37
16	51
10	51
4	55
14	38
1	63
4	57
6	53
20	55
6	50
10	68
7	63
7	63
4	59
1	65
12	56
10	55
7	50
7	55
4	55
6	54
20	55
4	55
5	63
17	49
10	55
14	32
7	64
3	55
6	55
6	60
10	55
10	49
1	55
6	91
13	59
5	53
5	59
12	54
4	56
7	39
13	39
13	59
14	21
2	57
4	49
12	51
3	55
5	63
10	55
3	50
12	6
13	63
7	39
7	54
4	51
2	55
10	55
1	34
7	8
7	55
19	15
6	29
10	57
22	56
7	39
4	55
7	55
6	45
6	31
14	45
7	57
7	8
7	62
8	51
6	57
15	12
23	90
16	42
10	54
7	62
7	55
7	87
15	48
14	6
17	46
7	63
6	55
7	34
16	53
6	55
12	53
6	49
10	13
10	63
10	64
3	12
6	65
13	29
1	72
13	61
5	53
7	52
12	83
12	51
6	59
6	57
6	55
17	50
7	55
8	12
20	31
4	62
13	59
6	63
11	38
12	63
6	2
15	32
15	32
8	50
10	24
3	26
7	38
6	59
10	39
10	55
10	55
7	51
7	6
7	56
7	55
4	64
2	56
10	55
25	39
6	51
15	43
10	54
24	14
6	52
10	55
24	43
7	8
7	63
7	38
6	51
6	55
12	50
6	75
3	39
3	59
23	43
1	59
7	55
12	57
25	29
12	54
6	53
6	55
10	49
6	49
7	52
6	68
1	55
7	55
6	47
6	56
4	63
6	53
4	39
16	51
6	39
10	69
7	55
6	63
6	6
6	55
6	57
6	57
22	78
7	49
2	65
7	57
6	55
3	55
10	52
6	49
23	33
23	10
10	55
3	53
6	56
6	59
7	53
7	37
7	54
4	41
10	57
10	58
22	20
7	63
13	57
6	63
4	54
9	34
10	5
10	63
7	54
12	55
5	53
7	56
7	55
6	55
6	55
6	39
7	55
6	55
10	59
24	9
24	46
6	30
22	49
4	55
6	56
12	57
6	34
12	38
6	39
7	77
7	55
7	56
1	61
1	10
13	69
12	55
2	63
2	37
2	51
6	49
7	73
6	59
6	73
1	55
6	55
6	55
6	57
15	45
9	30
10	55
7	54
4	59
6	49
1	51
16	57
4	61
7	61
7	37
1	59
2	56
6	63
13	13
10	55
10	50
23	8
7	62
1	59
12	62
6	45
6	56
10	55
9	35
16	56
12	63
10	8
7	53
12	57
6	55
10	55
7	55
6	57
6	59
10	63
1	55
13	55
6	45
6	62
1	35
12	30
6	47
1	55
13	32
12	55
6	25
6	56
3	42
3	51
12	56
7	56
6	59
6	55
10	61
7	91
7	55
13	53
1	54
16	52
2	56
3	53
8	48
3	33
7	63
7	49
10	59
3	53
10	55
4	57
13	59
7	91
4	63
19	50
12	68
2	53
5	54
1	56
6	53
7	42
1	73
10	55
3	54
4	56
1	53
7	57
7	16
1	53
24	33
18	15
6	57
7	39
7	63
6	53
10	49
1	59
1	63
6	38
6	59
10	59
7	55
14	46
14	29
19	46
7	35
1	55
1	59
6	55
6	32
6	54
6	54
10	63
7	53
8	2
10	50
7	59
9	9
9	45
9	45
2	57
14	55
2	52
10	56
7	55
7	54
6	54
6	63
10	55
4	62
12	2
6	56
6	5
7	55
4	63
1	53
7	51
14	64
7	10
8	44
6	53
10	57
5	45
3	39
4	55
3	11
20	50
16	35
6	56
6	54
24	45
24	14
7	55
3	31
3	51
4	55
7	55
7	56
7	62
4	71
6	55
15	45
24	45
6	48
6	59
7	8
6	49
10	62
7	61
10	50
4	62
10	51
7	47
10	64
6	54
6	53
6	46
7	55
6	54
7	54
4	55
9	87
3	55
6	53
10	73
6	56
10	54
10	49
6	59
10	55
7	43
6	39
6	53
2	56
4	55
13	55
8	83
6	55
4	59
3	55
7	54
10	49
4	57
3	55
22	35
7	55
12	55
4	55
3	49
14	48
7	57
1	54
1	55
3	55
6	55
10	55
4	49
3	54
12	65
15	45
25	45
6	55
23	61
13	16
7	53
16	55
6	56
6	95
6	55
10	55
10	55
15	47
7	56
3	55
6	30
6	55
7	63
7	49
6	55
6	32
16	55
10	57
7	56
7	43
6	59
10	61
7	43
6	45
10	53
10	55
5	29
21	56
23	53
10	53
6	49
6	55
12	51
7	55
8	55
12	51
6	63
7	55
9	63
12	54
6	48
10	59
10	54
4	53
15	17
4	67
6	57
4	55
1	55
1	61
1	55
6	55
10	53
10	55
23	55
1	51
3	55
12	55
6	53
6	53
10	53
10	56
7	7
6	59
19	6
4	55
1	50
10	55
13	31
3	59
4	53
6	55
5	47
12	53
7	6
7	52
16	53
6	51
12	55
12	63
15	38
4	51
1	61
9	56
6	55
6	82
10	53
10	2
1	55
2	12
6	50
7	59
5	54
23	33
7	56
5	55
6	53
7	55
10	57
7	38
6	55
7	57
7	52
4	59
2	64
6	56
6	45
6	55
10	2
7	55
6	58
6	56
1	56
3	57
5	55
6	59
24	45
4	73
3	55
6	7
10	55
2	64
7	55
1	55
6	32
6	65
6	56
7	52
13	54
6	51
7	54
4	39
7	55
6	55
7	43
7	57
3	49
6	53
6	55
10	56
10	51
10	55
10	57
18	13
7	55
6	55
7	74
10	55
6	54
7	59
7	55
7	59
16	51
6	57
10	67
15	15
1	54
6	54
3	39
7	55
6	29
6	62
15	29
13	32
13	45
6	55
7	37
7	14
14	48
10	55
7	55
4	53
7	59
5	38
6	62
6	55
7	63
6	53
10	54
10	54
24	41
12	57
4	50
6	56
1	48
4	55
6	63
10	61
20	55
7	15
7	55
7	59
7	54
7	55
7	55
1	54
6	55
6	63
7	55
7	58
16	54
6	55
6	51
10	55
10	55
7	54
12	59
12	46
12	55
7	55
13	5
6	59
6	63
6	59
7	54
7	54
7	59
1	55
6	55
6	62
10	11
10	59
10	55
1	62
6	32
6	49
7	63
7	8
1	56
10	16
9	43
7	53
6	29
6	51
4	61
7	63
6	48
20	51
6	63
14	45
9	55
3	10
6	56
3	44
4	65
7	35
7	55
6	55
6	53
6	51
3	55
6	29
10	59
4	59
4	63
12	56
6	59
10	59
4	48
7	38
10	55
10	54
10	71
5	56
7	60
3	81
10	64
12	51
20	55
6	29
3	57
12	35
10	54
6	56
4	63
7	56
6	57
7	88
7	55
4	63
1	51
1	56
1	54
16	64
6	59
6	55
7	51
10	55
1	55
6	39
6	55
12	55
7	72
6	55
1	62
15	34
6	50
10	59
4	53
4	59
10	55
13	60
10	55
15	45
12	32
4	55
4	49
1	55
3	55
10	55
6	49
6	63
7	54
12	55
7	55
6	69
16	43
7	39
24	29
7	55
4	58
14	41
7	57
7	40
6	53
3	31
6	55
6	57
3	48
7	56
1	72
7	55
12	51
4	59
1	55
24	35
4	23
3	56
6	29
7	14
4	63
8	61
6	63
10	51
7	38
7	35
4	55
14	45
1	63
6	55
19	46
6	53
6	29
2	77
6	61
6	55
21	9
12	50
4	55
13	32
6	31
6	55
19	43
10	90
1	56
7	51
6	63
7	62
6	56
12	55
13	77
6	62
12	37
6	59
7	55
4	53
25	32
8	54
16	55
10	57
7	61
7	50
6	55
21	55
10	55
7	55
7	39
6	35
10	55
7	55
16	51
10	64
2	55
6	13
4	57
3	55
12	67
6	47
7	57
2	50
6	52
10	55
10	71
7	39
7	54
7	55
20	56
7	55
7	53
2	52
12	77
7	55
7	53
7	53
10	53
16	49
10	55
4	55
12	55
19	47
13	55
1	88
7	49
2	54
7	55
10	49
4	60
7	55
6	59
3	1
10	72
16	56
6	54
6	60
22	51
4	55
4	52
5	64
10	62
20	10
6	50
16	52
10	49
3	63
1	55
7	55
4	54
1	55
6	55
6	55
6	39
13	51
1	53
7	47
1	61
19	32
7	35
1	54
9	53
12	16
19	46
6	54
19	43
7	54
2	51
12	40
20	57
6	55
4	51
3	56
5	63
10	53
7	55
4	51
12	51
10	55
16	93
25	40
7	55
7	61
3	54
12	29
20	62
5	54
6	58
18	35
16	59
7	59
7	59
10	88
14	79
10	63
1	63
3	30
12	55
10	54
10	59
7	39
10	53
7	10
6	64
4	55
6	29
6	8
1	67
6	49
10	55
23	47
7	63
7	53
16	68
4	54
1	51
10	91
10	2
6	55
7	55
6	55
10	16
3	48
5	51
6	50
6	55
6	55
7	55
14	45
6	53
7	63
7	51
4	55
6	48
7	49
6	55
7	39
1	54
13	46
6	49
10	62
6	29
16	55
15	17
7	43
9	54
6	56
4	46
12	49
6	63
7	55
7	37
4	54
12	53
6	55
6	52
6	56
6	14
6	51
6	42
7	39
2	55
2	61
10	56
7	63
6	40
6	54
7	39
7	43
11	32
10	32
7	5
7	51
6	55
17	56
7	64
8	25
10	49
4	54
1	63
7	63
7	43
6	62
6	46
10	42
6	55
10	56
12	42
6	55
3	29
12	70
6	48
6	48
7	40
6	47
9	55
7	35
9	37
9	29
9	47
16	56
2	63
20	56
20	13
6	63
3	57
10	51
6	55
4	63
10	55
1	62
6	51
15	30
7	57
22	61
7	55
6	53
6	56
6	59
3	75
12	47
1	6
5	49
1	55
7	56
7	63
5	86
15	14
13	68
7	54
6	53
7	55
6	51
3	57
6	29
7	55
1	49
3	57
20	74
10	56
17	49
7	69
12	61
12	55
12	51
5	53
6	76
10	10
6	22
6	45
7	59
9	54
10	59
6	55
21	60
7	55
1	55
12	49
4	51
10	57
5	49
10	56
6	4
7	47
6	16
3	46
18	14
7	48
12	37
6	41
6	59
10	56
10	73
12	54
19	45
1	55
7	61
9	55
5	29
6	63
14	5
7	55
3	58
7	59
5	38
7	50
7	56
1	53
2	68
10	53
10	19
10	50
10	59
18	43
6	48
10	55
7	53
13	29
7	51
7	75
6	65
6	56
9	55
6	63
4	62
1	55
6	54
10	56
6	59
10	55
25	29
7	55
10	49
10	56
7	55
3	59
7	37
12	59
10	55
7	49
10	58
7	95
4	55
4	56
10	63
10	59
10	51
7	63
6	53
10	33
7	56
14	32
9	45
9	46
12	61
12	55
14	28
7	58
6	55
12	59
10	51
7	51
4	61
6	55
10	76
1	63
6	56
10	55
7	35
6	55
10	55
1	55
4	76
7	55
7	60
12	55
6	46
19	48
4	63
25	34
7	61
7	49
6	51
1	56
2	62
12	49
10	55
20	54
24	22
1	63
7	55
1	55
13	55
16	55
6	3
7	62
6	52
7	63
1	63
7	77
7	55
6	39
15	32
7	55
6	63
19	65
6	54
10	55
1	55
6	58
10	14
7	55
7	59
6	59
2	55
7	39
7	59
4	51
1	64
6	55
6	65
6	32
7	55
7	55
6	32
6	53
10	57
10	39
2	69
10	63
10	63
25	47
7	53
7	55
7	53
6	53
10	65
11	45
6	29
12	63
7	55
7	61
10	33
16	61
6	55
7	35
16	55
5	51
1	69
25	43
15	16
7	62
8	70
12	55
6	2
7	51
1	59
13	39
15	20
11	58
7	63
1	55
4	55
9	40
4	56
7	63
6	56
7	55
9	30
6	61
11	94
25	32
6	35
19	16
6	55
6	63
6	51
7	59
18	34
6	62
6	53
4	55
1	55
7	51
4	51
13	55
4	55
8	53
1	65
4	70
10	55
6	55
4	55
4	55
7	96
7	11
6	55
7	53
6	30
6	49
12	28
10	51
2	63
1	55
19	67
3	43
10	63
7	40
1	53
9	54
9	59
12	53
10	55
18	4
1	55
1	55
3	29
7	65
7	7
10	53
7	63
13	4
10	56
4	51
10	55
4	53
1	81
7	56
4	55
6	56
10	63
10	63
6	1
6	55
10	44
4	55
13	47
6	64
6	63
14	40
6	55
3	5
6	42
16	63
19	63
7	54
7	61
4	50
4	55
13	55
5	59
6	55
6	59
10	55
10	55
3	61
6	5
7	57
7	55
1	62
4	57
7	83
6	56
10	55
10	59
7	59
5	35
6	71
6	48
7	53
7	56
1	55
6	67
6	53
6	95
6	45
16	56
6	55
6	2
7	53
15	45
19	32
7	55
7	41
2	55
2	49
6	49
10	64
7	56
6	73
6	9
7	59
7	38
7	46
7	55
13	96
10	54
10	55
7	64
6	62
6	46
7	87
7	61
13	46
1	55
7	53
7	55
6	44
14	20
3	63
12	41
25	45
6	63
10	63
13	75
10	72
12	16
6	56
10	32
7	38
6	33
10	55
6	39
10	57
10	63
8	56
7	63
7	54
20	16
6	51
6	55
7	55
10	53
6	53
6	55
14	7
10	55
7	40
4	51
7	43
7	59
4	54
6	55
5	45
6	55
6	55
6	29
7	55
1	55
7	57
15	30
15	45
15	91
16	56
7	79
16	50
8	14
3	26
5	59
6	55
4	51
4	55
13	55
22	86
7	59
4	55
1	64
6	63
10	55
10	65
7	55
4	65
4	46
10	61
6	21
10	55
7	55
6	29
3	29
6	59
6	56
6	64
7	8
4	5
3	23
3	50
6	40
6	55
13	58
14	46
4	55
10	3
1	49
10	60
4	53
7	53
1	53
7	55
10	55
7	55
1	56
1	51
1	53
1	53
6	61
14	55
7	54
8	35
7	55
6	55
6	59
4	63
6	53
1	56
11	29
25	45
13	45
6	55
13	63
3	53
7	51
7	63
5	64
10	61
4	37
1	57
7	8
6	53
10	55
10	55
6	55
14	10
22	88
26	65
3	90
3	71
3	9
7	54
7	62
4	55
12	56
3	71
10	59
6	55
7	8
25	56
12	25
7	53
7	41
6	55
6	56
7	55
1	61
5	49
1	69
12	66
12	55
6	61
6	6
10	53
10	64
6	56
7	47
12	5
6	55
6	55
14	16
6	57
7	39
7	59
6	63
23	44
6	51
10	5
1	55
6	57
6	54
17	56
7	55
7	62
1	53
6	29
6	59
7	38
1	55
1	71
1	51
6	55
10	55
6	56
14	13
7	53
7	22
12	49
10	51
4	55
19	29
12	56
6	55
21	63
13	24
7	56
7	55
7	56
7	55
8	35
7	56
1	51
10	71
10	62
7	79
10	61
1	51
6	54
10	54
1	55
12	23
7	56
6	16
11	32
10	81
10	63
6	62
6	55
6	55
1	65
12	32
7	62
7	56
7	55
19	48
14	80
13	7
3	23
7	57
4	56
6	47
24	32
6	47
10	73
14	39
7	55
6	43
6	55
6	51
7	51
7	45
6	59
1	73
2	55
6	59
6	56
10	53
16	56
5	5
5	14
4	59
12	55
6	59
10	59
10	66
6	55
18	22
18	40
6	53
10	56
20	64
1	59
7	55
6	55
7	54
6	29
6	61
10	56
6	51
6	59
13	39
6	32
4	43
7	63
7	2
9	46
6	63
21	51
6	55
7	56
10	58
10	53
4	55
9	12
9	12
3	51
6	55
7	64
6	49
10	57
16	63
7	55
7	55
7	55
7	51
4	51
1	51
5	55
6	37
10	55
19	39
7	63
7	51
7	91
7	55
4	55
4	55
4	51
1	55
1	55
13	12
9	43
9	10
12	53
16	51
16	8
6	63
6	65
6	16
6	55
10	59
10	43
23	39
7	65
7	33
9	12
9	57
3	63
16	59
16	51
4	55
10	56
4	55
3	49
3	60
12	55
10	60
7	59
7	53
6	51
7	55
7	55
7	59
1	53
5	55
10	63
17	47
10	86
6	55
6	54
10	61
14	37
1	55
9	57
10	55
17	6
17	57
6	55
26	25
7	51
20	43
7	51
6	55
7	55
7	39
1	55
6	53
25	47
6	30
6	55
15	47
3	12
20	55
13	41
15	32
10	55
6	32
7	55
7	51
6	45
8	91
12	54
1	39
3	42
6	55
12	22
13	32
6	54
6	51
15	45
6	45
12	63
7	59
7	55
6	55
4	55
4	53
10	55
7	53
12	37
6	39
7	49
3	60
6	45
7	24
7	27
7	54
4	34
4	49
6	51
6	2
6	55
10	55
7	51
7	35
6	58
17	47
6	59
10	39
6	57
10	57
19	47
6	61
6	14
6	32
2	61
12	57
7	56
8	63
1	51
7	14
13	2
4	59
3	41
2	55
5	54
6	59
6	54
7	41
7	56
10	63
10	55
7	59
4	50
3	59
12	55
6	62
10	59
7	53
7	51
4	49
6	56
6	54
10	53
10	53
10	14
1	55
12	59
7	62
21	9
10	87
10	79
1	55
10	38
4	57
6	54
6	63
12	77
6	52
7	52
12	55
6	49
21	54
10	62
18	32
14	56
14	46
6	55
7	52
7	54
6	7
6	52
10	73
7	57
10	56
10	55
7	63
13	54
16	56
6	49
7	56
24	47
8	53
13	32
12	57
6	59
7	39
7	37
7	35
17	39
12	50
7	56
10	55
13	43
2	49
6	54
6	55
10	28
10	62
10	55
1	55
16	54
6	54
10	59
6	30
6	45
10	54
7	51
7	55
7	55
4	57
9	38
7	51
6	53
6	51
6	32
6	53
10	62
7	55
3	57
6	60
16	65
6	50
6	55
6	63
6	45
1	55
7	55
4	55
6	32
10	53
17	51
6	63
7	50
3	52
6	54
6	55
6	53
7	54
10	64
7	63
7	49
4	58
6	63
6	53
2	53
20	53
6	55
6	63
6	51
6	54
10	52
10	55
4	57
6	59
6	63
7	5
7	55
7	59
4	56
7	55
1	53
12	54
6	55
7	39
1	59
7	54
7	54
4	51
7	49
6	51
10	55
7	55
6	63
6	54
10	40
15	13
6	53
24	65
7	37
7	26
4	10
3	8
3	10
6	59
1	54
16	62
16	57
6	53
9	53
7	54
4	51
21	51
10	51
6	55
6	55
6	56
5	49
10	57
21	63
10	49
12	63
6	51
7	55
4	56
4	65
4	93
15	16
4	37
1	58
16	56
10	59
4	63
10	39
16	55
6	29
10	55
4	56
16	64
20	61
4	45
9	45
6	47
7	59
7	55
7	53
7	53
6	56
4	59
1	56
2	55
7	56
7	55
15	16
16	39
24	46
5	53
3	31
6	29
1	54
12	53
7	59
6	55
6	16
10	53
7	55
13	29
6	53
7	55
1	55
6	31
9	45
4	42
6	56
10	56
7	53
1	51
6	29
5	11
6	39
10	30
7	62
10	55
26	39
25	32
9	59
6	48
6	50
10	63
22	63
14	32
7	67
21	87
10	61
10	55
16	54
6	62
7	39
23	35
6	30
7	55
1	56
20	51
7	63
3	55
1	53
7	55
6	64
6	40
7	39
10	55
14	6
7	57
7	60
4	39
6	53
6	39
6	40
7	14
8	39
12	54
13	39
6	55
6	54
6	55
6	37
15	29
7	43
6	62
6	55
16	49
7	55
6	55
6	55
7	51
7	39
6	55
6	59
15	39
16	57
7	55
10	62
7	76
3	49
3	50
3	29
10	63
6	63
7	10
6	46
6	81
3	29
5	55
17	63
4	5
10	55
4	58
7	55
6	55
6	63
1	55
12	56
6	51
1	55
3	59
12	38
4	51
10	55
7	6
3	55
12	59
7	38
7	55
6	53
7	58
13	39
24	47
6	46
7	63
1	71
4	55
10	65
7	54
1	55
7	55
7	65
7	54
4	51
6	55
24	46
6	56
4	75
6	55
4	22
4	63
4	55
10	55
16	8
6	29
6	13
12	51
1	56
7	55
7	56
2	47
4	55
7	54
7	71
6	56
20	44
12	23
5	35
10	65
14	10
7	50
10	51
6	55
10	55
6	59
7	63
6	69
6	54
10	56
3	55
10	63
6	51
10	55
4	49
7	55
5	5
5	46
10	59
2	52
20	49
6	63
7	59
8	58
6	42
7	54
6	51
1	51
1	13
6	38
7	72
6	58
10	63
1	64
7	53
10	59
7	56
5	56
6	96
6	85
20	53
4	55
1	61
10	59
4	57
22	34
4	55
10	55
6	55
6	56
8	55
1	45
10	13
7	59
6	55
10	56
7	55
3	71
7	51
6	51
13	54
6	61
7	51
8	22
6	47
6	57
7	40
3	27
4	59
3	51
7	54
4	16
7	61
4	62
6	16
13	45
6	51
1	55
7	8
4	63
1	55
4	59
6	39
7	51
7	61
19	65
1	53
10	55
7	55
7	54
9	42
25	38
7	72
7	53
4	59
6	55
6	37
4	64
1	54
16	55
6	29
7	56
16	51
4	57
1	51
13	55
10	51
13	50
1	55
1	61
13	29
23	54
7	54
7	65
12	79
12	62
12	51
10	63
4	54
7	55
2	55
7	55
5	53
7	55
6	55
23	56
10	56
6	59
4	55
5	57
6	46
14	16
7	56
1	53
16	64
22	51
10	51
19	39
6	63
9	48
6	40
12	55
4	54
6	31
4	55
21	51
1	53
16	55
5	60
3	60
10	63
6	63
12	48
16	48
13	55
6	54
10	57
6	22
4	55
6	55
20	56
7	56
10	71
12	55
10	55
6	55
12	55
16	56
16	53
10	63
7	61
4	55
1	42
16	57
6	16
6	56
10	55
12	54
6	43
22	39
6	31
6	31
3	45
6	55
13	30
10	63
1	55
7	63
12	64
5	29
12	62
7	55
10	56
7	14
4	55
10	59
10	62
13	55
4	61
12	55
12	40
16	53
6	29
7	51
1	55
4	37
7	55
7	55
5	55
6	37
6	29
21	55
1	62
7	55
7	59
7	54
6	62
6	49
6	49
1	55
6	57
7	53
1	54
1	51
6	57
6	55
7	55
7	7
2	53
6	53
22	55
10	59
10	55
6	55
10	11
10	26
7	46
7	51
7	51
4	55
1	57
16	74
7	53
7	59
7	55
11	19
3	27
6	55
24	45
24	35
7	61
4	55
6	65
24	43
6	59
10	71
6	40
6	55
6	64
4	51
10	43
7	62
7	59
4	59
13	54
1	59
12	63
7	35
6	55
10	49
10	67
6	54
4	53
13	51
20	61
6	55
6	59
6	53
1	56
13	13
5	58
23	56
1	56
6	57
10	53
6	14
6	55
7	35
6	49
14	55
6	19
10	45
7	76
5	49
6	53
6	51
2	20
7	55
11	42
7	55
4	55
1	52
6	51
6	55
14	66
16	57
16	61
7	55
12	15
7	52
16	68
20	30
8	51
7	54
6	65
10	63
7	50
7	52
7	56
4	56
4	57
1	63
10	60
6	60
7	63
10	63
6	77
11	29
1	62
1	54
6	52
25	48
1	55
13	56
7	39
10	50
7	55
6	61
7	55
14	32
6	51
5	2
5	5
7	59
7	55
4	55
1	55
4	55
6	45
1	56
10	55
10	57
7	54
10	57
6	49
6	63
7	59
6	29
10	55
16	43
12	54
7	5
12	59
6	52
4	55
10	55
7	55
2	55
6	55
12	34
6	54
7	55
2	55
10	51
17	59
7	59
22	53
1	55
7	37
20	55
23	54
16	62
2	55
7	49
1	55
12	55
10	59
1	53
6	63
3	7
9	31
7	51
6	50
6	55
6	53
10	57
6	49
10	62
6	56
7	8
6	55
10	53
7	54
9	59
10	55
13	16
10	49
14	64
7	38
1	51
10	51
7	87
6	46
10	22
14	44
10	43
10	54
10	55
7	55
4	55
6	65
10	38
7	57
6	21
7	57
7	8
4	51
6	58
6	39
23	55
12	55
10	59
7	51
6	55
10	68
3	15
4	2
1	50
6	38
6	59
10	63
24	45
4	55
14	29
13	64
6	58
8	23
12	41
7	54
4	63
10	55
4	61
1	55
7	59
4	59
10	54
3	43
6	59
14	48
7	55
6	56
6	63
19	32
7	6
1	51
6	51
3	16
20	53
14	20
7	57
13	49
21	77
10	53
7	86
13	55
3	55
7	55
7	52
7	62
4	56
1	50
6	60
6	55
7	41
7	44
25	35
10	55
7	57
12	63
10	59
20	53
10	57
7	55
6	31
7	6
10	62
2	51
10	53
6	55
10	54
6	61
7	77
7	50
7	38
6	57
13	23
1	76
16	74
6	55
6	57
6	43
6	57
10	64
3	63
12	56
26	10
6	55
10	55
16	60
17	56
13	54
7	51
9	55
12	2
10	59
10	57
10	55
10	55
22	55
24	41
7	40
7	55
6	56
6	53
6	57
7	63
6	33
7	55
1	62
6	30
10	2
10	63
6	33
7	49
10	55
10	55
3	63
4	39
7	59
7	51
4	65
4	35
8	64
1	64
2	55
6	55
6	61
7	16
7	54
1	62
6	29
7	7
7	76
4	54
4	55
1	40
6	51
7	9
13	45
13	21
10	63
19	54
25	39
7	43
7	63
7	55
1	49
6	55
10	55
7	63
12	61
10	60
10	59
6	55
6	32
10	59
4	53
1	53
25	35
7	55
5	37
6	37
19	30
12	59
7	55
6	49
1	56
16	16
16	63
16	55
10	55
7	55
11	32
5	61
6	53
9	95
7	59
2	78
6	56
7	43
5	35
10	62
10	55
14	55
7	55
6	55
16	47
12	58
6	58
7	51
6	59
7	53
12	55
5	62
4	51
1	53
6	51
10	73
10	55
10	67
7	59
4	55
4	49
4	50
1	49
3	58
6	55
6	55
10	10
10	37
10	38
10	55
25	75
6	13
6	59
12	55
13	55
6	55
2	53
1	60
6	51
12	45
7	35
1	53
2	56
2	62
10	55
4	55
14	1
2	55
10	43
4	57
19	14
19	32
10	51
5	52
12	55
10	51
10	9
7	6
10	55
7	58
6	57
6	55
10	55
8	60
1	55
3	38
6	57
6	51
22	65
10	62
2	56
16	56
20	53
6	2
6	57
6	14
19	45
18	13
25	32
1	51
10	53
10	55
6	62
14	51
4	54
6	39
19	51
23	63
8	29
4	55
6	46
22	55
7	55
7	59
4	59
12	61
12	18
6	55
6	2
6	65
10	54
11	29
7	55
22	63
3	57
6	53
6	55
21	84
3	14
7	57
10	61
7	54
7	61
10	3
12	67
7	55
21	79
6	49
1	63
7	55
21	55
10	63
1	32
5	56
6	32
6	51
5	54
7	39
8	55
10	46
6	27
10	55
6	63
10	55
16	55
6	61
10	50
24	16
24	32
1	79
6	43
1	38
6	55
3	61
3	55
3	58
12	71
9	59
6	54
10	55
10	33
10	57
10	55
6	30
6	29
7	55
7	55
3	41
7	63
10	55
14	38
3	17
12	57
10	55
6	55
7	43
1	59
6	57
6	53
6	63
1	53
6	56
7	2
1	55
6	64
16	55
7	53
6	55
6	55
5	55
6	77
10	55
12	62
6	54
10	56
10	42
7	16
7	64
6	57
8	56
1	39
10	54
9	16
6	55
7	50
7	55
1	54
7	63
7	63
7	6
6	32
7	49
14	45
1	56
6	53
12	35
4	55
6	61
15	32
12	51
16	53
5	54
8	55
1	56
22	39
7	55
16	33
6	52
6	28
25	79
4	49
6	32
12	55
4	56
7	54
13	8
1	51
6	53
7	52
6	39
7	51
7	55
7	40
7	56
4	64
4	62
1	54
3	55
16	63
6	57
6	55
6	55
6	62
6	13
10	87
10	59
10	45
11	30
25	39
7	61
7	56
13	72
13	48
3	55
2	64
2	55
6	52
17	63
7	38
5	53
4	51
13	56
12	55
7	55
10	55
4	56
1	63
6	52
1	62
14	62
7	61
1	51
2	53
7	59
4	46
2	95
2	49
7	55
12	22
4	55
7	56
6	56
6	56
6	29
8	67
7	59
6	56
18	29
1	56
13	32
13	16
6	55
10	50
13	46
10	63
7	53
24	45
19	46
7	57
6	55
6	51
10	55
10	57
15	48
15	32
1	55
12	55
7	14
7	49
11	16
6	59
6	46
4	56
4	54
1	51
7	55
6	56
22	55
4	59
6	49
3	55
7	59
10	83
4	55
14	8
7	55
4	61
8	55
1	63
3	55
3	53
12	63
6	54
6	45
6	59
6	61
10	1
10	63
6	55
10	53
23	55
7	63
23	58
4	55
6	53
6	62
12	57
14	78
4	55
6	51
1	55
3	68
6	32
7	6
7	61
7	57
1	49
24	32
7	56
1	59
13	32
18	45
7	59
4	61
7	62
4	65
7	57
7	55
4	81
10	59
21	49
10	51
3	50
15	45
15	45
10	63
6	53
21	61
1	54
6	67
15	47
6	29
6	31
12	71
4	51
10	40
7	54
7	54
7	39
10	54
7	35
10	55
3	12
12	38
12	38
15	29
7	56
13	9
15	48
7	55
7	49
4	55
7	55
10	53
6	38
20	37
1	70
20	55
6	55
19	53
10	55
1	55
10	57
7	55
7	55
12	3
6	59
6	52
6	59
12	51
7	63
7	39
6	63
10	55
4	49
3	56
7	59
6	59
7	55
10	55
7	63
3	64
23	61
25	48
25	45
12	55
16	55
10	30
6	32
5	20
5	72
5	64
5	62
5	16
15	45
7	55
7	59
4	55
4	55
16	56
10	63
4	55
6	95
10	56
7	55
6	46
6	55
7	49
6	64
3	66
6	58
10	51
6	59
10	55
16	55
7	53
8	61
5	65
10	59
7	56
7	51
13	36
5	51
15	45
6	59
7	49
7	35
6	57
10	57
7	55
3	16
6	49
6	51
6	59
7	55
7	55
6	64
19	44
7	55
13	55
6	56
4	55
7	53
7	55
7	78
1	35
12	40
10	53
6	55
14	55
16	46
6	39
6	54
6	53
24	47
4	59
1	56
9	63
7	55
16	55
6	65
10	91
10	63
7	65
7	55
7	53
7	35
6	55
7	55
7	55
4	55
10	55
7	29
1	51
6	55
17	57
6	59
7	54
13	61
6	88
15	14
18	29
7	53
6	56
6	55
6	55
10	59
22	50
11	33
5	71
7	45
7	56
7	53
12	55
6	71
12	60
12	55
6	57
10	64
17	4
17	48
4	61
1	45
6	58
6	56
10	57
7	39
9	52
6	57
10	60
6	55
10	59
7	53
10	21
7	55
1	55
10	51
7	55
7	55
10	56
10	54
4	53
5	14
5	37
10	55
2	55
6	53
7	55
6	59
10	55
7	61
10	63
7	53
13	32
10	63
1	57
5	61
1	55
2	57
3	8
6	59
10	55
7	68
4	54
13	55
2	55
6	55
6	63
10	63
10	60
7	86
6	63
6	57
17	55
10	59
1	55
10	55
7	54
6	63
11	32
25	32
6	55
12	63
6	55
1	55
14	43
6	59
7	55
12	55
21	54
6	30
6	63
6	37
3	85
6	55
7	59
7	53
4	59
10	55
1	57
18	75
4	55
6	47
6	51
6	55
6	39
7	46
20	45
6	55
4	55
8	57
6	46
7	42
4	40
10	55
10	54
6	40
7	49
6	49
4	34
1	55
3	39
12	67
5	55
6	55
10	63
6	55
6	63
6	54
6	57
23	63
7	55
2	87
10	54
7	87
6	64
19	8
8	35
7	56
6	57
7	52
7	50
13	53
3	50
22	54
4	34
20	31
7	62
7	50
3	63
6	8
6	53
7	53
4	55
6	55
10	53
12	21
7	53
7	52
12	53
6	63
10	61
6	61
7	79
10	55
3	32
10	61
7	49
6	57
10	55
7	64
7	64
7	59
16	57
7	55
6	56
20	47
20	5
18	45
7	55
3	80
10	55
7	61
6	64
21	63
6	55
4	11
7	55
1	63
12	55
6	57
7	64
6	61
14	24
10	59
6	54
4	60
10	63
15	29
15	29
7	55
4	62
3	57
6	55
7	80
1	55
13	64
9	50
10	55
10	63
10	49
10	55
6	54
12	59
6	38
10	55
7	62
7	43
1	55
6	55
4	56
10	55
12	61
7	55
7	37
7	87
13	32
1	55
15	45
7	43
10	63
10	63
10	55
6	46
7	63
7	55
1	64
10	32
4	65
10	57
11	32
6	56
10	8
7	63
6	55
8	46
12	59
14	18
6	57
6	59
7	59
7	58
6	63
10	55
6	45
4	50
10	49
13	29
10	51
6	6
10	53
7	53
2	64
18	31
6	54
4	57
17	48
16	63
6	56
6	29
7	65
15	33
15	48
15	45
7	51
1	55
10	59
1	54
10	52
10	57
10	55
7	54
10	49
6	55
7	55
7	71
7	58
9	56
6	54
7	33
6	56
5	60
7	57
1	57
6	38
4	55
10	37
6	54
6	88
4	55
4	50
6	49
7	50
4	71
4	53
6	59
7	55
4	1
16	56
6	55
1	50
7	43
1	45
3	52
7	59
1	55
6	55
6	54
6	29
6	59
7	49
12	59
11	47
7	55
17	46
4	53
4	55
12	59
4	24
14	12
12	55
6	57
7	55
3	52
9	32
9	55
16	51
4	55
1	55
7	55
4	52
1	51
6	57
15	40
1	55
6	38
26	71
6	54
6	30
12	67
12	49
6	59
17	39
12	51
6	29
10	55
7	54
7	75
7	51
6	39
6	59
23	59
7	55
12	32
16	39
6	61
7	63
4	55
13	53
3	60
7	64
12	56
6	95
6	64
7	39
4	56
10	59
10	55
6	55
7	43
8	46
16	54
4	56
6	55
11	45
9	51
6	49
10	57
3	10
7	49
7	49
2	54
8	55
6	53
7	55
7	55
7	57
7	55
4	54
4	56
16	63
6	63
22	59
7	57
7	54
5	35
3	6
6	55
7	63
7	55
4	63
8	54
1	54
9	53
3	55
16	63
2	54
6	54
11	67
19	14
13	32
7	56
7	57
7	39
13	61
7	46
12	13
6	38
6	55
6	63
4	55
3	14
7	60
6	63
16	48
7	55
7	43
13	22
3	55
14	32
5	64
14	13
7	87
6	63
10	54
10	55
3	29
7	35
7	62
15	43
16	55
7	59
6	55
10	55
10	55
7	55
20	45
1	55
6	59
6	42
10	54
6	56
8	56
7	54
2	66
5	55
6	55
7	52
4	2
7	57
7	55
1	63
1	51
4	55
7	69
21	59
10	57
6	55
7	59
5	55
3	49
1	55
24	45
10	53
10	35
7	53
1	55
7	38
6	29
4	55
10	55
7	59
10	38
16	55
1	55
6	55
10	65
13	30
12	55
19	40
7	55
7	58
7	56
6	55
10	63
23	48
3	55
7	55
1	54
13	54
19	55
25	43
3	63
2	55
12	55
4	37
6	59
23	53
7	55
20	63
20	32
4	54
6	48
10	3
8	84
6	38
7	50
1	40
16	55
7	70
7	43
12	51
3	55
3	55
5	46
10	55
25	39
7	55
4	63
3	17
6	54
6	38
6	55
6	55
1	59
3	54
6	55
6	49
10	51
10	55
1	45
16	56
4	51
13	56
6	55
7	39
6	45
16	51
6	51
7	53
1	53
6	5
6	59
7	63
7	51
6	2
6	59
12	49
6	59
6	67
4	64
13	63
6	55
7	45
7	50
7	63
12	56
20	53
6	55
6	67
12	55
19	35
4	49
1	56
6	53
17	13
10	59
7	37
7	55
4	55
1	55
6	63
6	52
6	55
6	32
6	8
24	48
7	57
16	61
6	53
1	55
12	64
2	1
6	43
6	46
6	49
10	13
13	55
7	62
4	55
10	39
7	53
7	55
10	55
4	56
6	63
7	60
7	64
6	62
10	61
10	56
3	55
6	55
6	48
7	6
6	63
6	21
6	31
21	49
10	13
10	54
16	64
1	55
7	60
7	70
8	55
7	55
7	9
7	5
7	62
24	46
10	55
10	55
10	65
7	91
4	51
12	51
7	55
1	65
9	55
6	54
10	55
6	59
4	55
9	50
13	29
10	54
6	56
10	55
12	53
21	64
16	22
25	33
3	55
10	43
13	55
10	51
3	55
6	56
6	64
4	63
10	64
7	40
24	45
13	55
6	55
7	43
7	55
5	61
4	53
6	63
10	55
7	55
6	53
12	55
2	62
5	51
6	32
2	55
4	5
1	46
1	51
4	59
23	40
7	59
2	54
7	56
12	55
2	55
25	45
10	55
7	63
7	51
6	46
14	55
14	55
14	55
7	56
7	56
7	45
7	57
7	53
7	45
7	64
4	61
4	55
4	63
4	59
4	55
4	55
4	56
4	55
1	55
1	53
1	54
1	59
1	59
1	55
1	63
13	54
13	53
9	53
3	20
3	22
3	13
3	53
3	59
12	55
12	41
16	53
16	38
16	56
16	29
16	63
16	57
16	49
2	50
5	60
5	53
6	57
6	59
6	50
6	55
6	49
6	55
6	55
6	53
6	52
6	55
6	52
6	63
10	53
10	91
10	53
10	51
10	53
10	13
10	54
10	16
10	49
10	55
10	61
10	55
10	54
22	63
17	53
17	63
15	13
19	77
23	59
6	51
6	56
10	52
10	87
7	43
15	15
7	55
13	63
7	54
10	51
1	55
6	55
1	53
12	55
7	43
3	26
5	39
6	55
6	48
7	64
6	59
6	46
6	55
15	45
3	35
3	13
16	62
6	65
7	55
4	50
6	55
7	55
7	55
4	57
1	51
12	51
6	55
7	49
5	29
6	54
10	53
7	51
12	48
6	54
6	37
6	45
5	61
6	57
6	54
1	65
7	1
4	55
1	65
3	53
9	51
13	63
6	62
6	58
4	51
23	87
7	39
4	55
14	32
6	55
4	55
9	55
12	55
1	51
7	63
7	55
6	51
1	55
3	50
7	55
6	55
1	55
7	57
6	53
7	53
15	48
10	55
8	8
1	55
16	56
6	32
10	52
13	45
13	48
10	65
1	55
7	38
1	60
11	45
10	55
7	43
23	39
13	15
13	32
7	37
4	55
4	55
22	49
7	49
5	40
4	64
1	55
5	63
7	49
12	53
6	62
16	55
18	47
4	55
16	48
22	61
7	62
6	55
10	56
4	55
3	63
10	87
1	56
18	47
25	47
7	51
6	30
1	49
12	60
6	55
7	61
5	63
6	62
10	53
20	2
4	51
4	51
12	65
10	56
20	46
6	51
15	48
7	54
7	57
7	55
14	1
16	41
15	16
14	76
12	57
12	27
6	54
6	55
6	62
10	15
3	51
10	53
7	14
7	31
7	59
3	55
6	32
6	56
6	55
10	59
6	37
6	55
19	47
7	51
6	55
4	53
9	45
10	56
10	53
25	41
7	43
7	61
6	51
7	55
6	56
6	63
10	62
10	15
7	62
10	62
7	5
4	51
1	54
13	49
3	53
12	67
12	45
12	61
16	56
16	55
20	58
20	59
6	57
6	55
6	21
7	64
7	6
6	47
7	53
4	77
10	38
6	56
6	55
10	56
7	55
4	61
3	95
5	71
7	39
7	59
12	55
13	32
1	55
3	10
3	53
6	54
10	62
23	55
7	54
1	63
10	64
7	55
7	33
10	51
14	49
7	55
2	61
7	51
20	71
12	57
6	45
7	55
13	46
16	55
5	59
6	59
1	88
10	59
7	49
3	87
10	54
10	61
19	39
7	53
1	55
18	48
7	54
12	92
6	29
1	63
20	53
7	64
21	57
6	13
1	55
13	53
6	51
6	55
10	55
4	55
6	69
4	55
1	55
9	56
6	54
10	37
6	53
6	71
10	55
4	7
6	63
3	12
4	55
10	67
7	59
12	55
23	55
7	58
12	62
4	57
6	55
7	73
16	63
7	63
7	57
1	56
1	63
13	58
6	59
6	48
10	57
10	87
10	40
21	29
13	55
6	42
4	55
4	63
14	55
6	39
10	55
14	34
1	57
9	55
6	55
6	49
7	50
10	57
4	49
6	32
4	51
7	13
9	60
5	61
5	64
10	55
4	51
1	51
1	57
6	2
6	61
6	55
10	55
7	55
1	55
10	51
10	51
10	49
3	87
6	55
10	69
6	54
7	60
7	55
4	55
1	85
1	56
6	55
9	45
7	55
6	95
7	55
6	57
3	70
6	31
12	76
7	54
6	53
10	59
7	55
3	55
1	55
7	55
3	55
10	55
10	37
7	55
7	55
3	47
24	48
3	22
16	32
6	64
10	55
6	56
10	33
17	55
12	55
16	57
15	29
6	56
10	54
1	57
16	38
6	55
10	54
4	63
6	55
6	62
6	61
7	64
4	56
6	58
12	55
6	55
7	62
4	55
1	55
13	46
16	54
16	13
6	55
6	59
10	75
10	57
23	88
7	59
4	64
4	55
12	55
12	8
16	53
6	55
6	55
6	50
6	67
6	59
6	55
11	14
6	51
6	32
23	48
10	52
6	55
6	55
12	51
25	75
14	75
7	55
1	37
4	56
14	24
7	53
7	51
7	55
6	51
7	59
6	63
7	59
6	59
6	63
7	42
8	32
6	55
6	29
1	55
6	54
7	51
4	62
6	39
6	56
10	59
4	55
7	58
1	55
7	55
5	62
10	80
2	28
2	24
2	13
2	72
6	49
4	55
6	29
10	83
2	55
21	49
10	50
8	28
10	55
6	51
6	91
7	58
4	59
7	6
4	59
4	53
3	44
6	59
10	55
25	46
17	54
7	9
7	51
5	47
8	14
12	4
7	54
22	51
10	62
4	55
1	55
16	55
2	64
10	53
10	57
21	55
1	55
6	55
2	55
6	30
6	51
7	55
7	55
1	63
7	39
7	55
9	12
6	77
10	54
6	54
14	56
4	56
7	53
7	62
7	54
10	55
5	63
6	30
6	54
7	54
5	55
7	43
7	63
4	63
17	53
4	63
5	54
6	16
6	14
7	55
1	53
10	51
4	63
6	59
6	55
10	55
18	48
7	55
7	55
4	60
7	64
12	63
6	51
7	56
7	35
4	54
5	49
12	62
6	55
4	53
19	47
3	53
12	27
10	24
1	57
6	47
7	22
10	59
7	51
10	50
6	2
10	30
10	51
10	54
14	30
7	55
4	51
10	55
17	55
1	66
6	49
10	57
6	51
6	55
6	55
7	49
7	55
3	61
12	51
6	55
13	45
7	75
1	53
12	55
7	54
10	55
7	53
7	48
4	53
10	63
10	57
3	41
6	53
1	56
10	55
3	28
6	56
6	45
10	56
7	47
6	55
4	55
10	56
10	53
10	57
7	55
1	55
7	35
7	47
1	57
16	55
3	20
12	30
9	65
10	87
1	55
18	14
2	13
19	32
13	59
10	61
13	52
10	40
6	55
1	51
1	63
10	38
6	38
7	55
7	69
1	64
2	54
6	32
6	53
16	55
4	51
1	31
4	53
6	57
10	53
6	63
6	55
12	16
23	30
7	49
16	54
10	64
4	61
1	55
13	49
3	55
16	53
6	63
6	54
10	52
10	61
7	63
6	55
10	55
1	55
10	49
4	38
10	51
20	50
7	53
6	50
6	55
6	62
13	49
5	85
25	41
6	45
6	32
6	50
7	55
7	49
7	51
7	55
7	55
4	80
4	61
1	54
3	61
5	54
6	54
6	54
6	62
10	64
25	29
12	56
9	45
12	69
16	63
10	55
10	55
7	55
6	61
6	65
7	48
6	59
7	53
10	57
6	29
1	56
1	51
6	29
7	55
16	55
1	63
10	57
14	32
18	45
7	63
11	8
11	46
11	45
7	55
12	54
6	55
21	51
10	55
4	38
1	45
1	55
6	32
3	12
16	91
6	38
6	55
4	39
7	55
6	51
1	54
6	55
10	62
5	55
6	62
6	51
10	5
25	43
13	57
5	55
7	55
13	59
6	32
6	63
10	13
15	29
16	57
6	55
7	57
7	55
4	55
6	55
6	55
12	55
6	54
15	29
7	57
9	76
10	64
7	55
1	16
7	59
6	63
7	56
16	55
7	51
8	55
6	55
7	63
6	55
7	54
13	51
23	39
10	55
10	95
9	68
13	14
10	55
20	63
7	63
4	51
2	55
10	54
7	39
16	63
10	51
5	56
7	55
6	61
4	59
13	53
7	35
4	60
10	55
10	56
12	24
3	83
22	56
10	52
7	59
7	55
10	71
6	55
7	61
4	55
4	63
3	50
2	55
10	55
10	56
7	61
7	61
8	45
10	16
5	21
17	61
7	55
7	64
15	46
6	55
7	51
7	55
1	51
4	55
6	56
6	51
7	63
6	63
1	55
6	55
10	69
4	57
6	55
2	55
6	91
1	55
6	57
10	54
6	59
6	57
7	55
4	63
3	5
3	2
6	54
6	93
6	51
6	32
7	59
6	30
20	54
7	55
3	44
7	59
7	55
2	55
10	51
1	55
7	55
1	49
10	55
10	61
12	53
10	73
1	53
7	20
6	37
6	55
7	51
12	51
10	53
7	38
1	63
6	14
10	55
5	68
6	47
6	40
6	59
7	56
6	55
6	51
6	55
4	53
2	59
6	37
7	51
7	61
7	42
7	59
13	56
6	55
7	42
16	64
6	7
1	57
6	55
6	59
6	53
2	51
6	32
9	55
6	60
10	54
10	55
10	89
10	59
7	55
10	2
8	49
6	56
10	59
5	55
5	61
6	53
6	62
5	52
13	62
6	51
10	55
4	49
6	55
7	55
17	48
6	56
6	55
7	43
6	55
1	57
6	29
7	55
6	51
1	49
6	53
3	55
14	51
5	40
10	8
7	64
6	49
15	48
6	29
10	53
1	51
16	95
6	63
6	55
5	44
6	29
10	53
4	63
1	55
12	57
5	55
6	32
15	46
12	19
6	56
16	16
13	45
13	29
13	48
6	54
6	40
6	30
7	63
5	35
5	47
6	64
13	47
1	87
1	65
12	52
11	67
17	55
4	55
12	50
7	55
6	64
6	56
16	55
7	6
23	49
23	50
10	55
20	45
17	55
20	53
3	45
2	63
6	57
6	77
10	53
4	53
6	54
7	62
4	55
4	57
3	17
5	55
5	55
7	39
6	53
4	39
18	29
6	60
7	36
7	59
12	30
3	54
2	55
7	59
7	41
4	55
4	55
12	55
6	29
10	59
1	55
1	94
6	56
6	55
4	39
1	54
6	54
10	39
1	53
6	6
7	53
9	55
9	35
7	51
6	45
3	13
6	61
21	56
10	49
6	53
1	55
7	55
7	11
6	55
7	59
1	61
6	53
7	55
22	55
1	55
12	59
10	55
7	67
1	53
