26	1
1536
1	1007
2	905
3	926
4	619
5	640
6	977
3	257
7	887
8	879
4	72
6	854
6	617
7	1156
6	1002
7	875
4	991
7	856
9	908
10	880
6	864
8	805
10	869
6	871
10	938
11	743
10	806
7	805
1	862
3	879
12	883
10	810
10	900
10	868
13	976
10	1040
12	807
7	899
6	870
3	500
6	811
7	998
13	504
4	728
14	504
4	883
6	876
10	815
15	497
14	679
7	966
1	870
13	912
13	269
9	871
16	823
16	868
6	878
10	344
11	666
4	678
4	940
7	1215
3	968
12	196
10	883
6	878
6	1176
6	871
6	838
4	780
6	1040
17	1223
8	728
12	837
10	1002
7	876
6	897
7	965
12	942
6	844
10	812
4	878
6	879
6	721
4	981
12	873
6	873
10	871
7	934
12	873
6	875
13	870
12	936
6	870
4	1017
6	1389
6	868
4	942
2	839
18	604
4	883
6	353
10	773
7	942
1	889
1	835
3	884
5	1396
10	867
11	999
5	844
7	1100
2	1006
10	875
6	887
10	957
1	892
6	559
6	880
7	24
3	842
16	812
19	933
2	781
3	969
10	1007
1	597
14	499
14	469
10	632
7	872
1	1005
1	821
10	994
7	933
4	807
4	865
6	975
7	866
13	617
4	870
6	767
6	874
7	887
7	838
3	807
12	1493
12	858
6	813
6	870
7	882
7	127
1	831
1	844
12	972
7	1030
4	871
4	872
1	592
6	911
6	875
10	869
7	783
7	870
1	872
16	778
7	931
1	905
12	453
16	982
6	879
10	203
10	1137
15	505
16	1349
6	992
13	647
1	872
6	909
4	874
7	587
6	1498
10	825
10	857
10	89
6	930
7	927
12	872
12	867
5	874
7	878
10	983
7	672
10	1262
7	895
20	844
10	875
2	814
5	1027
6	907
14	232
4	742
7	839
16	1109
7	867
13	556
6	810
6	774
5	583
6	965
4	665
7	804
10	878
7	780
1	812
7	842
4	880
7	250
16	883
10	847
7	876
6	931
10	602
4	874
8	870
20	837
6	858
20	931
7	582
7	158
7	907
3	1123
6	591
10	866
10	793
4	775
1	875
21	855
1	807
7	106
13	718
7	523
7	812
10	1016
10	877
12	614
4	867
7	789
3	844
2	964
22	881
10	971
1	1007
10	981
7	847
4	139
3	291
6	838
7	886
7	836
10	867
7	944
16	879
1	1003
6	808
16	896
20	925
6	879
4	911
1	848
20	879
10	879
16	455
6	886
10	874
7	925
13	866
23	976
6	550
10	871
6	873
10	1012
4	104
17	841
6	880
4	984
12	875
3	879
6	872
14	667
12	870
6	807
12	245
12	852
13	82
4	876
6	897
7	864
7	844
7	807
7	871
13	847
12	837
4	776
3	1421
6	1004
6	712
6	880
7	930
6	866
8	676
1	930
7	838
12	823
4	996
14	451
7	681
4	930
6	988
7	868
6	841
10	549
12	959
7	944
7	1000
4	466
3	1006
16	992
6	1008
11	872
10	907
21	620
15	228
7	1000
6	836
10	600
10	795
10	879
4	878
3	326
7	837
4	808
4	653
5	497
7	892
1	611
6	456
12	862
6	907
7	887
13	674
2	618
10	806
7	910
7	866
3	992
16	870
4	939
4	870
13	856
7	913
16	938
6	714
12	967
6	869
10	864
7	875
4	984
1	807
16	978
7	84
4	1199
13	469
12	999
10	999
6	910
6	911
7	965
6	999
12	775
10	907
6	847
1	872
13	172
6	906
10	1005
6	115
4	863
15	768
15	472
15	472
5	599
4	876
10	871
7	859
8	739
6	611
15	716
6	873
10	188
6	623
7	1002
7	939
6	869
12	876
6	905
3	1382
1	994
10	816
21	872
4	838
6	923
7	50
12	855
8	873
1	931
7	944
10	1045
10	908
12	896
10	767
24	625
13	839
21	827
19	719
8	891
16	880
6	814
6	674
4	1005
7	743
7	910
22	867
10	813
12	1002
4	231
16	1003
6	1112
6	957
9	735
12	877
7	894
4	846
10	848
6	356
25	455
21	972
10	879
7	875
6	743
4	329
7	880
13	756
8	728
6	940
2	878
6	811
10	870
10	973
10	864
10	944
16	876
7	868
3	871
7	976
6	866
10	869
16	1399
10	803
6	840
10	967
7	879
7	838
4	643
4	669
12	1378
6	856
6	1010
6	853
7	943
7	883
7	1168
1	844
13	1477
5	1313
10	942
15	499
7	809
7	774
7	21
7	875
12	1026
6	870
6	883
10	781
1	870
1	887
6	846
7	852
4	812
3	1084
10	839
26	726
23	726
7	108
6	802
6	854
6	869
7	846
1	871
6	719
7	70
6	878
7	871
3	1002
1	870
7	888
16	1000
4	848
6	807
10	850
10	1015
12	808
7	865
8	872
10	812
1	866
13	757
7	911
4	870
6	900
24	216
10	872
6	856
1	907
6	512
6	499
4	845
6	85
10	876
10	871
10	1167
4	981
7	963
7	808
3	756
12	1059
6	854
10	907
16	933
7	871
10	929
6	959
7	836
4	874
1	969
2	867
10	944
6	510
13	815
7	941
8	970
22	879
6	871
10	1454
6	830
10	995
4	779
6	554
7	911
10	986
3	873
4	892
4	447
1	778
3	963
6	862
1	921
7	814
6	999
7	861
13	879
10	874
1	871
1	838
6	894
10	911
10	943
10	876
6	115
6	586
6	1194
6	940
7	874
6	863
7	907
6	841
6	837
10	878
10	1000
7	1456
1	341
7	779
6	869
10	865
6	796
7	866
1	876
6	806
10	873
7	1014
7	856
6	850
16	834
10	171
6	964
6	879
14	351
7	611
7	886
1	807
16	555
6	874
7	911
7	869
7	869
7	970
7	805
1	863
1	871
12	999
6	895
10	942
10	932
11	504
15	504
15	248
7	870
7	585
1	800
1	838
16	1166
6	887
6	453
6	503
6	717
6	463
10	930
10	605
7	660
7	601
3	887
6	467
7	804
10	869
13	760
6	812
4	998
1	839
25	735
7	639
7	774
6	457
6	813
7	745
7	931
6	1032
6	509
10	1309
10	992
7	969
6	725
7	860
6	868
6	453
6	455
6	870
21	874
25	758
13	769
5	872
10	984
9	1008
12	634
6	865
8	847
7	879
4	115
16	618
7	875
1	871
2	837
15	715
14	732
10	896
12	870
10	814
12	876
6	1389
16	612
6	874
11	1261
20	910
6	807
7	1029
10	875
10	1167
1	880
6	848
10	968
13	502
10	810
16	899
10	878
15	500
8	1116
20	998
1	896
6	875
6	894
10	979
10	1391
7	621
7	842
10	864
1	865
3	503
10	862
3	1067
3	875
6	1000
7	969
7	905
1	1230
6	971
10	967
8	879
6	848
19	867
6	457
13	926
12	871
7	676
7	873
6	807
10	861
9	117
13	867
13	621
7	879
5	1348
10	895
12	869
6	503
25	707
7	880
7	855
7	807
7	889
1	808
16	455
15	511
20	719
10	877
6	879
7	871
6	924
16	852
6	990
10	1389
7	868
10	910
7	659
7	676
14	186
7	622
3	1003
1	1213
12	777
6	873
4	944
4	804
10	875
4	858
1	876
3	911
2	840
6	929
1	809
6	911
7	871
1	815
6	878
10	1203
4	94
6	858
6	878
7	860
4	994
1	804
3	1018
3	8
12	874
16	1005
2	869
20	840
5	980
6	929
21	965
10	967
11	1007
23	583
12	660
14	511
12	944
4	869
6	1434
5	878
4	1377
16	874
10	875
7	811
2	791
21	864
4	519
9	293
6	849
2	820
6	911
1	872
13	1215
3	1249
7	872
14	307
20	509
7	875
13	1003
9	866
3	627
18	507
1	1002
10	871
12	606
15	469
7	634
1	997
1	896
15	141
22	1015
13	768
5	867
6	871
10	879
6	848
10	892
4	1014
6	880
7	523
8	1030
16	847
6	877
10	911
7	869
7	597
4	1134
7	593
12	938
7	858
6	615
25	718
15	502
3	896
10	834
7	1003
12	879
16	847
18	412
7	734
10	860
7	554
6	792
8	725
6	487
6	736
6	909
10	858
18	638
1	894
2	872
6	874
9	988
10	870
7	359
7	850
10	879
6	975
7	588
1	876
6	838
7	998
7	938
12	968
5	875
6	1000
22	997
7	878
7	673
4	867
6	500
7	587
12	910
20	973
6	1008
10	900
10	879
4	866
7	840
1	873
1	857
1	121
1	1004
6	794
24	462
7	615
6	966
6	575
7	807
6	872
24	747
23	192
16	993
6	880
4	861
16	943
10	212
12	871
2	887
19	427
6	839
6	1104
6	876
7	611
6	984
4	996
7	899
10	870
3	911
10	985
10	867
25	767
10	921
6	907
6	715
6	875
6	872
7	940
16	878
6	999
26	733
1	846
6	1029
6	711
10	844
20	783
1	878
6	966
6	875
6	496
5	846
13	449
3	939
1	855
13	995
6	957
6	1027
22	871
4	780
16	903
1	1365
3	866
16	879
2	1395
1	982
10	938
7	894
3	932
10	776
10	884
12	874
13	546
3	154
3	815
6	876
6	1007
7	1390
4	871
9	463
8	887
4	1382
7	812
4	782
9	1232
6	962
6	878
7	930
1	812
10	891
6	737
1	1382
12	4
6	856
16	758
6	856
7	139
7	594
4	890
13	843
6	869
6	874
10	990
7	874
3	888
10	1389
6	992
4	1006
16	834
9	456
7	821
1	871
6	654
6	879
1	860
3	863
12	1002
6	836
12	975
6	911
7	611
17	551
2	943
20	879
6	878
1	1142
12	976
4	583
7	1103
16	876
6	526
7	93
10	821
8	1186
6	808
7	995
7	886
9	203
6	508
10	912
13	129
3	998
10	944
7	688
9	807
3	1047
12	870
1	880
6	840
6	861
10	979
7	1424
6	1060
4	925
8	499
13	871
10	875
10	880
6	890
17	555
5	778
1	998
6	838
10	758
15	710
7	876
6	865
8	859
12	11
7	854
7	879
4	871
7	559
7	247
7	852
16	1109
17	870
3	13
12	675
10	866
2	694
10	613
6	853
6	1004
7	873
6	1038
7	639
3	82
6	928
6	937
7	842
7	870
6	520
7	1014
1	913
3	430
10	776
4	808
6	813
7	860
6	515
1	838
1	1008
6	882
1	852
5	789
7	871
6	776
7	872
1	959
20	1080
12	1002
6	456
1	1079
3	255
10	868
7	1015
4	1007
15	13
25	509
1	846
20	749
6	805
6	847
5	872
6	765
23	774
4	871
1	790
1	89
6	780
24	712
6	928
21	981
10	891
10	844
7	1008
7	973
10	974
24	621
25	512
7	875
1	875
6	455
6	857
6	869
8	806
7	1005
7	812
7	930
6	872
4	875
6	886
7	588
6	615
10	1036
7	943
13	811
6	999
7	894
23	862
1	855
7	611
6	931
6	976
6	1255
6	598
5	880
7	999
7	1070
12	887
8	1127
6	240
24	682
7	798
6	919
10	870
4	938
13	243
20	1002
12	488
1	869
6	606
10	808
16	594
16	911
1	886
6	854
22	871
7	871
7	956
7	867
6	848
7	1387
7	591
1	895
3	667
5	454
10	1519
6	594
6	879
6	903
7	889
6	1002
10	811
24	546
12	643
5	972
7	846
12	677
1	873
7	1007
10	984
7	894
1	874
6	896
4	894
6	491
4	874
6	864
6	964
7	867
3	880
24	738
7	862
10	867
7	869
10	894
6	735
24	691
10	839
2	848
6	772
4	875
4	555
17	972
12	896
4	870
1	875
12	875
6	842
7	613
6	809
16	848
7	871
4	875
7	674
25	735
12	911
6	1134
10	934
10	895
4	963
7	1039
7	939
13	1369
6	924
17	843
7	929
7	194
9	1471
6	876
16	356
10	887
10	891
7	668
4	860
7	815
5	869
7	824
1	846
22	911
7	618
10	875
1	1004
10	903
7	858
7	870
13	743
4	857
7	879
6	843
2	840
6	1016
10	876
12	896
6	802
7	856
23	713
7	873
7	900
7	838
4	1019
4	829
13	1522
2	865
20	1075
6	801
6	874
6	551
12	968
7	847
4	806
3	848
16	877
10	870
6	1002
6	996
7	806
7	908
1	779
6	862
5	862
4	874
12	880
16	1059
3	1011
1	937
3	213
6	867
12	219
7	931
4	879
6	74
6	640
7	872
6	853
1	854
6	1231
2	808
10	1508
9	870
6	870
6	156
19	199
7	641
7	1024
7	873
12	966
6	879
6	853
10	1488
19	768
4	931
7	912
12	876
4	225
7	779
6	833
10	836
7	868
3	875
14	976
4	1006
2	1005
5	928
6	832
6	876
7	879
1	879
10	863
1	673
1	888
6	604
6	1103
14	512
13	333
16	616
1	874
22	882
7	1389
4	880
7	978
6	870
6	1037
6	970
6	992
6	783
6	611
6	805
12	929
10	70
4	868
6	608
3	1291
10	857
6	453
7	870
1	709
5	115
7	805
3	975
6	1231
10	1039
24	719
24	247
7	895
7	988
1	873
12	910
6	965
7	156
7	890
1	879
6	865
4	865
4	812
4	877
1	838
6	942
4	937
12	951
16	999
7	772
7	877
7	912
3	503
10	871
10	874
6	869
6	739
6	999
7	834
6	836
1	600
23	712
6	847
12	683
20	1023
7	998
4	96
4	599
1	869
9	1350
2	879
5	1008
6	930
6	822
4	806
19	1256
7	890
10	966
15	464
2	1008
7	868
7	999
6	880
14	811
7	910
7	839
1	879
16	910
6	872
12	869
10	856
6	805
15	224
10	902
4	807
6	585
7	942
12	875
10	880
7	941
7	869
6	776
1	870
10	216
3	876
6	1001
1	874
1	875
6	978
7	874
1	1263
6	88
6	966
4	995
4	866
10	876
7	874
6	873
7	876
6	870
3	1008
7	871
5	1231
6	870
10	866
7	847
10	867
4	848
7	925
1	1002
6	193
10	873
10	812
6	871
7	844
13	876
7	1038
4	804
4	878
3	263
16	779
7	604
1	861
25	1528
1	1231
3	1275
6	874
6	858
6	992
1	885
10	895
4	872
3	871
7	871
6	880
6	855
13	871
12	872
7	874
6	874
7	860
4	871
16	869
10	874
3	1008
6	961
23	894
23	1136
10	959
7	992
8	894
1	875
7	938
7	871
20	614
1	874
7	661
7	875
4	436
3	1038
10	1199
10	811
10	872
15	711
25	453
10	889
16	213
16	350
6	841
20	873
5	865
6	453
6	998
6	1004
7	871
4	714
3	330
6	518
6	875
6	874
7	924
6	705
16	627
7	687
6	834
6	869
6	868
10	999
17	906
6	880
19	719
6	914
25	380
4	971
6	1008
6	714
1	865
7	718
7	875
1	1015
3	868
12	672
16	616
6	874
6	895
12	999
10	871
16	727
7	913
10	860
15	711
13	1007
7	553
15	469
15	725
15	727
15	753
6	842
10	221
6	841
6	878
10	807
10	900
7	867
10	840
6	895
6	882
6	959
4	876
13	671
6	930
25	747
6	858
10	808
10	870
7	874
4	876
12	878
7	149
6	866
6	908
6	991
1	847
6	928
17	784
23	912
1	742
19	120
10	875
7	823
1	806
1	888
7	636
7	927
7	235
7	808
10	895
2	890
5	752
6	980
6	984
2	1005
7	839
9	709
7	1262
1	823
1	874
5	1382
10	875
10	808
25	717
10	643
7	878
1	840
7	827
7	887
7	622
10	854
10	866
10	1231
15	822
1	870
10	993
7	861
17	510
10	872
13	208
10	127
10	866
20	1015
11	1133
7	898
9	416
1	930
1	1001
7	880
10	866
7	900
4	858
3	858
6	851
2	876
18	741
7	231
7	1005
4	844
12	876
6	809
6	873
25	768
10	1003
4	871
4	97
5	872
4	871
3	875
8	861
7	622
5	1389
10	840
12	58
6	78
4	874
1	866
3	682
16	869
4	1386
4	878
10	874
12	935
7	871
7	942
6	969
10	861
7	684
11	419
8	858
10	1015
7	848
7	552
8	1078
10	942
10	89
4	871
6	809
7	870
25	480
6	886
1	875
8	17
10	903
7	880
7	894
7	987
10	839
10	1004
7	1004
6	868
10	1232
11	564
7	871
20	455
6	870
10	581
10	932
3	280
12	812
7	857
7	941
14	504
7	451
1	784
10	589
7	1003
4	869
10	993
10	1455
4	895
10	808
7	812
12	784
10	606
9	741
2	883
4	984
4	790
1	872
6	874
6	847
10	878
7	998
4	895
3	879
6	854
10	934
10	892
10	1132
4	900
6	837
16	868
7	871
3	879
7	984
2	554
6	891
4	1000
6	1052
7	868
6	871
7	790
4	871
1	456
2	772
6	892
7	879
1	895
7	85
7	871
6	843
5	861
7	886
21	858
6	95
6	774
19	996
16	929
10	879
4	879
7	840
7	551
7	848
15	709
15	456
6	848
7	887
4	974
15	777
17	783
6	897
6	707
6	754
16	870
10	998
3	928
20	875
13	961
6	824
6	720
10	930
6	475
7	875
1	839
6	891
20	911
6	870
6	506
24	452
24	387
24	505
10	934
1	1149
6	876
7	970
7	871
10	1026
6	911
10	846
4	891
6	855
10	877
6	870
6	502
6	776
6	940
12	378
5	857
6	912
4	772
12	844
2	868
10	610
25	744
7	779
8	158
7	980
7	870
10	878
10	891
6	875
4	874
2	879
7	686
1	887
6	720
7	973
19	981
4	874
8	708
14	423
7	905
7	875
5	1010
18	751
7	941
6	835
24	975
6	1003
7	941
7	472
1	880
22	768
7	880
6	1016
4	875
6	217
16	1005
7	917
12	982
1	22
10	1000
7	875
7	619
6	878
7	869
7	873
7	872
7	895
12	905
6	869
7	735
13	871
6	718
24	683
6	872
10	886
7	908
7	976
7	834
7	839
16	839
6	775
5	618
6	486
4	944
4	887
16	871
6	743
6	847
22	464
12	853
10	872
7	668
10	926
6	910
10	1512
1	986
4	890
6	879
2	887
6	853
10	1031
17	870
7	998
6	805
7	995
13	925
3	619
10	807
7	870
4	867
1	806
13	938
3	1126
6	827
21	874
7	847
1	841
1	807
6	809
6	1155
10	1020
10	871
7	838
7	867
7	939
4	870
3	874
3	346
12	123
12	872
12	876
2	947
6	972
6	952
21	836
10	815
19	1004
16	213
7	806
4	874
3	874
6	1007
10	872
10	871
7	550
7	858
1	871
1	870
13	811
7	871
4	1015
10	871
10	871
1	1000
10	826
10	869
13	82
10	199
10	816
7	867
7	1231
7	906
3	845
12	959
6	900
8	913
15	728
20	503
7	942
7	641
10	1069
4	874
6	865
12	900
6	878
14	109
12	870
2	899
17	856
23	874
6	908
7	873
6	1380
12	1015
10	839
7	993
6	883
10	867
10	678
13	709
4	883
6	887
12	847
15	449
6	1013
10	877
7	834
3	872
8	1248
9	868
1	803
10	865
2	149
7	868
7	935
7	650
6	639
6	848
10	327
1	1014
22	1521
11	719
12	875
16	878
4	856
4	997
6	882
15	767
10	558
6	870
1	1008
10	871
8	929
13	673
4	581
1	910
4	1150
16	886
16	879
6	872
5	878
6	1155
10	880
7	865
7	793
10	871
17	872
7	930
24	711
13	878
4	808
12	876
6	712
4	869
6	890
6	240
6	883
10	576
1	1031
1	907
3	1104
6	839
10	932
3	1003
6	866
7	942
7	255
1	932
1	809
10	876
15	709
7	967
7	875
12	1509
12	803
5	876
6	877
10	1000
7	870
6	463
7	943
3	281
1	1000
7	842
7	216
6	638
7	886
6	720
7	779
5	867
10	869
6	930
7	187
7	1040
7	554
6	876
7	931
16	865
6	984
11	455
16	871
17	875
3	617
4	863
10	871
18	453
7	858
7	216
13	868
6	846
7	932
2	910
10	780
4	1114
16	877
6	326
7	874
7	852
1	984
6	873
14	870
4	876
12	866
5	803
7	1127
22	837
21	782
12	1400
4	876
10	877
7	856
6	890
15	728
10	965
19	502
7	68
16	869
1	838
2	562
10	890
10	809
10	977
23	590
9	871
7	868
10	869
15	508
7	998
7	142
10	873
6	876
10	975
10	887
23	1018
6	870
6	905
10	878
6	1381
6	674
6	651
4	970
10	1032
6	896
6	880
10	757
6	862
8	141
25	487
13	719
12	860
6	835
6	984
11	615
4	869
12	616
10	867
4	1004
7	853
12	579
10	869
4	15
6	469
6	855
6	959
23	553
10	874
19	199
12	355
6	216
16	1015
6	768
7	867
22	873
7	846
6	807
6	805
6	631
10	880
4	944
6	1004
6	382
6	890
7	853
1	1009
6	1000
6	975
6	853
10	872
10	1004
10	874
4	874
12	1006
7	806
7	943
4	871
13	503
7	857
12	851
7	1066
7	426
9	869
3	808
19	602
7	938
16	944
6	461
6	959
6	858
18	1267
1	805
6	254
25	750
6	869
24	553
15	503
7	742
13	461
7	895
6	463
10	896
6	876
6	847
10	887
10	836
3	1122
4	897
23	767
9	767
9	708
7	869
13	719
10	811
6	859
4	813
1	879
16	806
10	934
7	878
3	1374
20	510
20	725
11	683
1	1166
6	1002
9	962
12	1004
7	891
1	76
7	963
7	869
6	780
8	605
10	865
7	935
10	876
6	932
22	720
6	87
4	875
4	870
6	912
3	868
3	349
6	503
7	698
5	932
2	369
2	871
2	606
10	872
1	870
12	782
16	871
6	891
5	993
7	881
1	870
1	244
6	944
7	1000
13	865
20	893
6	830
12	835
7	872
1	869
20	842
12	913
10	869
13	913
6	870
6	838
15	768
6	879
12	864
22	964
23	520
13	476
2	857
4	938
22	887
6	1019
10	982
7	911
7	679
10	865
7	740
6	871
1	1408
16	1135
7	1168
6	865
24	454
3	872
6	876
7	872
7	108
7	858
5	876
15	746
6	894
17	869
10	982
10	1007
10	536
6	944
10	860
6	875
7	643
6	871
4	861
16	870
6	797
6	834
4	912
6	782
6	807
10	868
24	741
7	938
6	866
1	867
6	774
10	856
14	1065
6	940
10	1008
4	869
1	1058
6	813
16	615
14	283
7	943
7	807
7	612
4	929
10	871
7	599
10	816
7	944
7	899
4	806
2	837
6	232
6	906
6	838
6	895
10	854
7	811
7	871
7	935
6	875
12	870
20	838
6	604
10	89
10	878
4	586
1	848
6	938
6	722
7	867
7	610
4	846
7	773
7	885
3	886
6	775
6	21
12	873
16	876
6	891
7	870
6	871
3	1391
20	775
6	871
6	1023
7	1134
10	806
4	988
6	852
24	542
7	878
9	245
7	691
19	743
12	855
12	232
1	838
18	451
10	747
21	783
10	873
7	871
6	810
7	871
8	1031
1	839
10	867
6	861
4	870
12	870
6	783
10	355
6	891
7	939
6	728
4	869
19	839
25	749
10	618
7	160
1	878
6	463
6	806
3	623
10	609
10	857
7	880
7	731
7	1426
7	572
1	871
6	873
23	751
10	880
7	872
7	915
20	864
10	860
7	849
6	968
6	512
1	867
16	564
16	1152
16	812
10	807
12	871
7	850
7	894
1	812
13	1152
6	848
10	856
6	941
6	779
10	992
15	503
7	843
4	878
3	940
10	865
10	856
4	809
9	113
10	857
10	877
10	880
3	1037
6	611
6	1016
6	602
3	844
1	839
21	811
7	905
22	895
1	967
6	199
1	877
6	779
6	893
14	683
7	587
1	870
6	894
7	870
6	856
7	582
4	811
6	507
11	765
7	888
12	218
12	812
6	976
1	808
10	847
10	665
7	836
7	984
4	807
3	871
12	886
16	860
7	882
8	516
2	867
6	1399
10	872
6	870
6	886
16	775
2	879
2	784
6	1102
6	823
1	869
10	976
12	840
7	875
1	638
10	844
1	874
6	872
6	877
8	776
16	865
13	846
6	886
10	877
4	840
3	1142
10	878
6	504
10	807
4	1007
7	676
16	868
20	739
7	869
20	931
6	984
10	846
12	878
7	602
4	853
4	553
6	1007
6	998
10	1068
17	807
7	875
7	619
3	856
1	875
12	853
10	936
15	449
6	586
10	610
7	1000
7	551
6	678
6	882
7	842
6	774
6	1003
2	839
6	1014
10	1391
7	1399
4	375
6	706
1	871
6	856
7	864
7	874
7	604
7	893
7	863
1	1382
13	864
3	1379
12	859
10	922
6	866
6	927
7	862
4	779
16	847
6	932
10	842
1	837
1	999
3	890
6	811
6	870
10	873
7	867
7	851
4	1020
3	856
10	984
3	606
6	684
6	932
4	868
16	858
23	870
1	874
6	806
6	856
7	193
10	156
6	807
6	893
4	845
4	875
4	675
6	873
6	874
7	840
21	896
7	810
7	1007
13	727
4	864
2	870
6	1000
10	998
12	998
7	876
7	872
6	870
7	869
4	807
3	940
1	853
16	896
10	907
7	984
7	871
7	75
21	845
4	788
7	848
10	856
1	887
6	858
18	721
21	874
4	71
10	875
3	836
16	811
6	848
6	453
4	871
7	999
7	744
3	968
22	910
4	803
14	673
7	580
4	911
6	870
6	860
6	871
3	866
6	967
7	808
4	866
20	839
7	836
6	871
1	884
10	600
10	812
9	744
5	888
1	811
6	981
6	983
4	975
12	988
6	871
6	944
11	904
1	872
10	871
7	868
4	880
6	871
10	870
10	1013
10	875
7	655
7	1349
6	782
6	1020
6	770
10	893
3	842
4	811
7	1134
1	944
3	724
6	1000
24	759
6	868
7	689
6	862
6	808
7	872
10	854
16	868
16	998
10	897
10	848
1	815
10	880
10	1271
4	1093
4	871
1	803
12	869
6	871
6	894
6	839
1	1004
6	851
6	943
10	813
10	1449
19	554
5	967
10	1314
22	839
8	487
6	1166
10	891
7	998
3	1392
10	976
7	860
7	806
7	987
10	777
7	771
7	869
10	1071
7	837
12	657
6	1345
10	784
7	938
7	871
4	871
4	871
6	922
10	869
4	890
10	908
10	871
24	1138
7	909
10	608
7	854
2	786
4	1008
4	807
4	868
2	965
6	922
10	995
10	872
1	1005
1	890
2	875
6	887
10	803
10	870
16	810
3	858
1	871
6	867
23	975
7	982
7	1013
20	82
13	191
12	968
19	1019
7	850
7	639
4	1398
6	854
6	886
6	875
10	810
1	1007
5	836
10	811
7	874
7	872
7	871
7	871
4	119
5	156
6	943
6	597
6	840
6	876
10	854
10	873
6	999
3	968
12	18
8	694
5	886
10	894
6	706
12	901
6	776
6	873
6	807
10	857
10	847
7	680
10	887
12	906
16	995
2	871
5	856
6	1023
10	869
7	873
4	210
6	856
3	992
16	869
10	1000
10	974
7	797
6	871
2	1143
6	855
7	919
7	856
7	939
6	907
6	871
6	885
6	887
10	194
4	547
13	476
16	879
6	802
10	988
7	904
24	749
7	886
20	878
7	811
4	879
9	866
6	876
10	935
10	876
10	940
10	879
19	308
7	877
7	868
7	872
7	942
12	876
16	992
2	775
6	709
10	615
7	789
1	999
1	866
12	888
12	594
10	925
1	872
3	1159
2	850
7	871
4	879
1	871
10	876
10	871
1	691
7	875
1	844
13	877
16	804
6	875
6	875
6	1025
10	1001
4	162
4	1379
10	836
7	875
1	806
6	855
6	891
7	935
8	768
10	772
10	1002
2	1008
23	837
6	1442
25	537
1	895
9	373
7	942
7	808
14	132
25	736
6	473
6	1003
7	599
22	547
17	872
3	876
4	872
7	807
6	900
10	968
10	841
1	827
6	943
4	875
7	103
7	1384
16	854
6	880
10	916
6	939
12	1002
7	550
6	984
1	875
7	839
7	751
7	875
2	874
7	943
2	870
17	887
7	871
6	783
19	624
15	712
16	1261
6	463
17	614
4	959
10	1096
9	41
7	875
6	869
13	763
12	879
7	937
12	1063
6	368
7	984
17	870
7	870
4	868
7	937
7	115
13	461
4	884
1	866
9	932
9	872
6	905
7	873
7	524
4	831
7	871
6	872
7	871
6	998
6	142
2	840
4	1011
1	874
1	1295
9	984
2	890
5	1003
6	870
6	959
6	818
22	870
15	726
18	711
23	1103
12	772
3	237
16	1007
9	999
9	871
14	619
4	972
1	932
1	1423
10	1409
14	875
7	988
7	797
6	960
6	497
12	876
6	878
10	1007
16	89
10	807
10	870
1	868
7	888
3	870
10	1167
6	939
6	934
4	770
6	854
10	1003
7	775
4	871
7	997
12	854
5	258
7	963
6	879
10	1167
13	501
12	885
4	998
12	851
23	809
13	221
6	1002
7	607
7	821
1	921
1	806
8	1234
2	658
7	870
6	603
7	670
7	997
1	864
3	95
3	102
5	545
6	974
10	872
23	875
1	941
9	875
3	941
16	984
16	944
6	879
6	873
6	861
10	873
7	931
4	836
1	848
9	507
6	977
6	891
6	892
6	887
10	948
10	775
10	608
10	834
6	611
7	1008
23	816
10	1002
25	760
9	245
7	2
3	827
12	890
3	846
6	875
7	835
5	872
4	895
10	990
14	1118
13	457
7	871
7	880
7	941
7	503
4	77
4	889
4	1000
9	1206
3	244
6	874
1	709
1	888
16	929
6	849
18	501
9	175
1	872
16	1067
16	81
7	610
7	887
6	999
7	839
1	871
6	996
7	1061
4	874
4	1519
5	1002
7	847
6	1006
7	876
3	451
6	868
6	968
26	596
3	895
2	847
6	990
4	994
7	548
9	875
6	892
7	993
2	69
6	1318
6	1003
10	887
7	890
7	195
12	874
16	687
16	550
6	874
6	874
10	884
6	879
1	880
10	890
7	981
20	847
7	932
4	909
7	807
21	775
4	870
3	156
7	870
12	841
6	506
16	876
3	802
6	873
7	772
4	912
6	872
6	772
4	883
9	637
14	711
6	930
6	831
7	789
6	805
6	613
6	984
10	871
12	884
6	1168
6	778
10	999
10	867
7	967
13	743
10	960
3	856
7	675
12	840
6	616
12	967
10	810
6	806
1	942
10	929
7	1450
20	984
4	811
3	876
16	932
6	504
10	979
12	600
4	857
10	76
20	717
12	890
10	879
10	780
19	733
13	556
6	879
11	818
6	1020
20	1267
7	118
10	867
7	541
6	924
6	1008
7	775
7	924
6	621
6	892
6	502
6	836
1	1224
3	869
6	867
7	878
7	958
1	892
12	877
10	876
4	1406
21	773
10	1007
6	1232
6	955
4	874
6	859
3	1385
4	905
6	941
23	730
16	1062
4	747
2	1027
4	811
13	883
1	1151
8	250
19	741
7	868
7	874
1	886
16	125
6	844
6	216
19	71
4	332
7	806
4	875
6	874
7	79
14	487
6	871
16	1034
3	871
1	896
6	999
10	811
22	356
3	940
6	874
24	727
6	878
6	742
14	92
6	847
6	867
6	529
3	538
7	875
7	375
12	785
6	842
6	996
24	556
10	861
14	879
7	876
1	1007
7	1411
4	968
3	873
6	874
6	868
6	877
14	14
14	178
7	871
7	810
3	866
6	771
6	986
10	1286
15	472
6	869
12	632
10	886
10	1456
1	773
6	867
10	1039
1	979
12	875
10	908
4	890
10	880
1	907
6	808
12	384
7	534
12	807
16	808
6	861
13	509
10	861
7	886
6	807
25	221
6	998
6	875
12	869
1	854
12	457
10	854
6	982
26	454
7	1002
4	78
2	873
13	879
6	905
10	892
6	789
6	804
6	748
2	1013
18	767
7	995
6	939
6	453
6	1032
23	813
3	465
6	870
6	540
7	688
7	1003
12	980
6	896
6	1013
10	926
24	675
25	449
15	221
20	808
7	876
6	1023
1	868
12	856
15	453
6	708
6	1026
10	892
7	891
7	879
7	854
12	851
6	891
10	856
5	775
12	840
13	501
6	938
6	868
6	844
7	877
10	846
1	210
4	1003
4	965
6	997
14	773
7	809
10	1423
17	863
14	21
6	868
2	911
6	747
7	869
8	614
15	463
1	870
12	869
6	900
4	961
7	823
7	866
5	1027
6	643
11	708
3	998
11	708
7	998
25	1027
6	891
7	772
4	862
13	968
7	793
6	879
10	872
13	1366
10	888
7	1390
9	706
19	725
7	916
7	872
6	802
1	846
10	940
9	1032
3	908
12	938
10	1151
6	751
1	872
5	879
15	763
14	55
7	872
4	858
12	1028
16	981
20	992
7	984
5	879
6	853
1	784
7	746
6	838
6	793
6	583
3	878
7	828
7	1161
7	847
7	868
3	872
6	880
7	879
4	784
1	862
3	1037
12	776
4	854
1	808
3	1426
6	613
10	872
7	1007
7	874
10	1004
10	844
4	838
7	890
7	887
21	115
7	676
7	870
1	834
6	908
6	1021
7	880
7	953
7	891
3	870
12	870
11	775
10	972
1	614
7	918
6	985
6	909
6	1005
10	989
7	999
6	454
7	687
3	224
15	164
7	1002
7	687
6	899
6	862
7	905
12	1520
12	963
6	872
6	508
19	756
6	885
10	1314
13	511
6	655
6	926
9	959
9	189
3	871
6	74
6	939
6	1207
4	867
3	873
3	842
6	888
6	449
21	872
23	845
7	870
4	1015
9	688
12	806
6	1405
6	892
21	871
10	886
10	839
25	449
6	867
6	860
18	510
7	885
5	789
6	880
7	873
7	853
7	802
7	875
7	895
7	873
4	895
13	853
12	857
5	1028
7	968
7	875
7	297
1	749
6	872
10	869
10	871
7	842
4	23
13	943
5	847
6	154
6	875
17	866
14	446
1	865
13	716
6	877
6	1246
6	77
6	908
6	875
10	833
7	876
7	895
4	877
1	805
20	498
10	837
10	939
7	860
12	899
6	846
10	868
10	897
19	741
3	823
6	607
6	813
6	848
10	895
10	929
10	867
10	835
7	669
7	1015
7	874
7	869
1	897
1	997
1	853
16	876
6	67
10	854
6	790
7	124
9	871
6	840
7	874
6	901
6	174
6	748
6	472
7	741
13	867
13	727
6	891
6	1016
10	911
7	1168
6	998
6	996
12	908
7	1000
3	870
2	474
13	504
3	117
1	871
4	880
6	877
10	869
7	870
1	874
6	876
4	896
6	461
10	875
7	159
12	424
12	860
13	502
6	733
10	1014
7	854
10	872
7	841
7	999
1	1039
10	844
10	773
6	907
6	967
7	887
7	807
20	797
10	965
10	879
7	874
7	831
4	1085
12	626
6	847
6	880
6	911
6	845
10	1036
7	870
4	870
4	998
6	847
10	838
10	964
7	805
13	980
5	854
1	876
16	775
23	867
7	870
6	1081
7	862
2	770
6	897
12	878
6	998
10	944
11	726
6	717
6	806
7	931
10	1000
7	615
1	872
5	579
12	876
6	919
7	873
7	873
15	460
7	927
7	875
1	864
12	872
6	846
6	937
25	712
7	877
3	993
3	1158
23	872
7	1004
3	877
6	997
10	871
4	51
13	747
1	868
6	1019
1	877
7	873
7	1444
10	931
22	682
4	874
18	685
1	869
12	875
16	1004
6	847
6	624
7	805
4	980
12	999
20	907
6	912
10	798
7	594
7	982
7	934
3	163
6	470
10	811
15	501
16	999
17	877
6	808
15	511
7	848
10	875
7	906
6	321
6	865
10	872
7	674
7	1390
4	795
2	502
6	860
6	1032
3	836
7	813
7	928
4	774
1	1008
1	870
3	879
5	1007
6	578
6	974
6	800
10	1264
10	844
5	873
6	898
7	852
4	1125
10	843
1	865
6	862
10	982
25	214
7	758
6	66
4	871
7	606
10	789
7	914
7	993
10	870
1	877
7	999
6	855
5	942
1	886
7	688
4	871
1	908
1	1000
3	484
6	554
12	770
6	925
14	65
7	618
4	999
1	874
1	884
13	255
6	807
7	871
6	871
7	702
7	1004
7	1007
6	1010
10	876
7	1308
7	875
4	215
2	876
6	873
10	990
7	989
1	871
12	873
6	876
10	879
10	942
22	684
22	1484
4	875
6	911
13	924
10	583
6	943
6	871
7	911
7	861
6	939
6	875
7	911
6	871
7	870
7	616
4	843
7	860
21	853
7	867
7	874
7	911
7	878
6	805
10	875
6	874
10	967
20	748
4	114
8	937
1	1015
3	370
7	661
6	805
7	1390
7	1004
7	912
8	1103
3	815
2	807
6	743
7	955
1	807
7	587
7	1156
6	1015
7	846
12	977
6	894
4	984
3	812
4	872
1	873
3	999
3	910
1	876
6	812
6	823
6	958
10	807
7	638
6	1004
7	1442
7	940
15	674
6	449
7	938
4	871
4	877
7	865
7	638
12	641
6	885
7	871
1	1063
1	880
10	857
20	932
6	875
1	895
1	860
6	864
6	999
1	932
6	965
6	866
10	943
7	580
11	875
4	999
6	868
7	837
20	501
20	500
6	460
6	510
6	876
4	972
7	972
21	1006
10	872
16	1079
7	924
3	767
3	943
6	940
1	938
12	875
6	886
5	536
22	243
17	1242
10	847
7	871
13	604
5	403
6	921
10	1001
7	683
8	125
8	388
8	506
8	530
8	32
6	807
10	255
3	194
5	1006
7	866
4	876
6	866
21	892
6	864
6	840
4	879
6	924
7	1003
10	874
10	875
12	610
4	871
6	846
6	583
5	852
6	887
7	912
10	69
7	872
3	932
6	871
6	869
2	872
7	874
13	672
4	876
6	916
10	814
7	983
4	871
6	473
23	1322
22	839
7	148
7	737
10	451
7	868
4	870
4	846
13	871
7	558
6	921
7	1367
6	904
6	806
7	1028
4	870
10	1236
11	527
7	861
7	243
22	871
7	911
3	875
12	874
16	869
4	868
12	812
7	942
7	981
12	885
12	782
7	601
8	614
7	867
13	504
12	613
10	143
12	844
13	14
13	1057
16	809
10	925
25	1154
13	887
7	805
7	48
7	40
12	897
7	853
4	985
4	5
7	1058
16	943
10	585
15	720
4	961
1	1506
7	841
7	967
7	906
1	843
7	939
7	132
12	866
4	246
4	912
7	878
7	943
7	853
16	866
6	857
7	867
6	883
2	720
4	892
1	870
8	899
6	808
3	935
6	892
7	869
14	314
12	943
6	871
4	841
14	871
7	879
4	97
7	1355
6	977
15	1256
7	996
7	932
4	207
16	273
1	959
6	898
10	809
7	686
7	616
7	864
16	995
7	981
1	864
7	864
5	210
5	94
6	899
6	453
1	844
7	871
16	886
7	854
4	855
25	909
7	872
4	805
10	812
16	353
7	876
10	929
7	661
6	805
1	843
12	1000
10	888
7	870
6	875
6	717
10	886
7	876
18	504
7	854
7	874
7	837
6	719
6	470
6	580
7	899
3	909
3	741
6	924
10	988
7	594
7	848
12	888
16	907
6	606
6	1231
10	1021
4	965
16	891
22	865
7	868
1	858
1	809
6	980
7	861
7	999
6	854
20	912
10	876
7	870
16	867
19	179
7	886
12	916
2	844
2	106
6	1015
6	873
6	925
3	876
12	596
12	849
7	887
7	687
6	1000
10	868
17	888
15	751
7	997
7	874
7	879
9	899
3	938
6	718
6	939
7	683
7	1130
7	615
4	840
7	542
10	887
2	911
6	844
10	943
23	1196
6	853
6	1008
4	856
7	878
7	251
22	981
25	503
7	938
7	931
4	879
8	883
6	247
1	873
16	891
21	1263
4	888
13	807
7	775
22	875
12	1446
16	843
6	718
5	1102
10	876
21	771
1	740
6	582
20	597
5	294
6	884
7	957
10	138
7	968
6	877
7	1388
10	1194
3	971
6	895
10	865
8	980
6	212
6	243
4	893
4	868
6	924
6	943
6	807
7	871
12	911
16	932
6	847
4	768
10	1003
6	894
8	984
20	911
6	116
7	874
4	866
2	807
6	878
6	964
16	804
10	921
7	912
1	998
3	873
7	719
19	734
10	803
13	477
12	775
16	876
16	1000
10	873
25	143
1	660
6	856
6	911
7	942
7	875
4	1389
10	880
19	455
12	954
6	870
13	715
6	472
6	778
7	965
15	717
7	822
13	565
10	681
6	875
6	878
6	885
14	760
6	840
1	833
10	894
20	460
10	880
6	872
1	815
6	871
7	870
4	926
3	1285
7	887
1	876
6	942
10	930
7	885
7	819
7	998
1	835
20	872
10	840
4	874
4	871
1	992
12	848
6	1064
6	880
6	594
10	815
10	195
7	880
12	775
6	873
6	812
6	981
7	613
6	875
15	716
7	847
6	847
6	851
3	381
12	1020
20	946
6	705
4	937
4	842
10	794
3	938
7	908
1	876
6	711
6	758
3	1420
12	812
12	911
12	217
12	79
12	874
7	510
4	774
6	1064
15	497
15	719
6	871
3	858
14	758
6	879
16	1479
6	888
7	792
1	866
1	870
7	895
7	871
7	807
6	908
3	1098
6	873
6	1008
10	1359
10	895
7	811
7	875
7	860
6	1005
6	936
10	929
1	999
6	615
16	702
7	399
6	597
20	836
6	728
1	875
12	856
16	103
6	847
23	554
10	805
11	542
7	924
16	872
7	193
12	1053
20	842
10	839
6	887
6	887
21	726
1	996
4	909
6	700
6	905
6	988
1	872
7	859
20	872
13	872
12	1021
6	784
7	88
7	846
16	846
5	871
6	865
7	872
4	857
6	710
21	942
6	756
6	1365
10	878
4	878
7	618
10	854
6	618
16	908
6	937
7	877
1	842
4	1001
4	929
14	768
5	908
6	848
10	1004
4	791
6	829
4	1000
7	943
12	870
21	632
10	884
10	809
6	871
7	655
7	870
2	809
10	874
10	836
10	888
12	909
10	87
10	869
9	720
3	957
7	1044
7	1000
7	1009
7	875
10	862
6	887
10	724
7	891
10	809
1	877
2	854
20	870
3	775
7	855
10	870
10	911
10	1003
20	640
10	865
17	776
7	191
6	997
7	863
1	1008
16	879
6	836
7	123
4	1147
7	838
6	860
6	880
6	876
6	879
20	1037
6	900
6	1008
10	872
1	872
5	127
5	224
6	805
12	1207
12	260
3	1000
4	887
10	1010
3	790
7	980
6	961
10	879
4	94
7	875
7	807
6	947
4	1004
16	584
7	871
7	871
7	907
10	1032
10	854
7	1000
13	139
7	942
7	886
7	965
4	127
1	1015
3	867
7	1008
6	875
4	963
19	824
6	802
7	846
10	1367
4	932
7	857
3	941
6	872
10	803
7	623
4	1028
1	973
16	868
6	894
6	993
10	846
7	856
7	873
7	1002
4	1094
6	508
6	854
6	870
10	1007
1	941
1	1109
12	999
16	870
16	876
20	868
17	976
7	815
7	878
4	947
3	23
2	875
6	68
6	1246
6	875
17	1000
6	999
6	967
18	593
1	855
7	939
12	601
7	676
7	893
4	1032
13	970
6	452
6	874
7	903
7	118
4	874
9	600
16	1484
10	856
17	846
7	842
5	807
6	868
10	876
10	872
10	21
24	499
6	859
7	989
2	906
9	189
7	775
1	871
9	453
7	958
21	838
10	807
6	981
3	880
10	618
10	880
22	908
7	85
6	887
10	860
4	869
6	836
6	983
11	471
7	639
6	935
5	870
6	943
7	716
1	841
10	1505
6	980
10	875
7	857
4	374
6	21
4	965
7	980
7	997
4	889
5	869
1	609
14	501
1	808
6	210
4	1003
7	1536
7	202
6	1090
7	1014
6	879
7	866
4	70
4	1195
2	1003
6	871
7	854
7	341
10	1500
7	668
10	782
7	811
7	809
1	845
12	871
6	839
1	998
9	476
6	911
7	982
6	870
17	871
7	874
12	921
7	1159
6	997
10	839
1	872
1	84
1	853
16	903
7	871
1	1254
6	874
6	527
6	841
16	907
6	887
18	639
7	1136
12	844
7	870
7	939
16	860
18	587
6	865
12	891
20	470
18	470
7	870
6	216
6	854
6	910
6	810
3	599
25	785
4	864
3	867
2	579
4	807
1	998
1	77
6	823
20	871
7	124
13	511
7	724
12	391
7	514
4	870
5	627
6	453
6	874
7	895
6	824
1	887
1	994
10	841
6	766
22	912
12	844
7	808
4	913
13	941
7	1230
7	612
6	878
7	940
12	875
7	886
10	868
7	854
1	872
6	850
10	1019
6	864
6	1000
12	878
7	672
7	616
16	855
10	791
7	871
7	875
7	873
7	903
7	870
9	666
3	875
2	911
20	996
6	892
10	871
2	871
5	871
6	812
7	1223
7	855
6	874
7	1036
6	676
7	942
12	976
2	615
6	870
10	873
10	776
10	877
7	842
2	875
20	998
5	622
6	838
6	875
6	536
6	943
6	1015
10	879
10	873
4	869
1	1039
1	1058
16	848
7	870
1	815
1	802
17	69
1	895
13	930
2	1040
4	984
6	854
9	898
15	707
7	623
13	718
6	1029
6	880
6	838
6	812
7	773
6	1013
4	578
6	871
6	775
20	972
5	999
7	807
7	999
3	941
4	887
2	871
12	879
5	492
1	874
16	773
7	68
7	811
9	711
9	216
3	146
5	871
10	875
23	678
7	910
7	911
7	857
10	859
14	473
1	1007
6	870
10	927
1	870
9	855
26	238
7	886
10	836
4	955
7	604
1	939
4	895
7	883
12	541
6	792
7	779
6	839
10	70
6	746
3	1211
10	897
6	852
18	738
4	1184
12	673
6	940
6	813
7	844
4	880
4	897
3	630
20	864
6	942
6	893
17	750
2	783
20	792
6	866
6	1167
11	610
4	869
6	469
10	871
6	908
6	876
7	1003
6	840
1	605
7	874
6	853
6	610
4	875
7	852
7	872
4	187
4	999
8	868
6	527
6	871
17	1072
7	865
21	1232
10	624
10	802
1	849
7	866
7	867
16	974
4	951
1	846
10	890
7	928
7	872
12	146
4	24
1	906
13	844
10	1000
9	1194
6	374
6	844
1	931
6	877
5	736
10	880
12	1108
10	871
6	809
1	875
17	985
4	854
10	855
12	308
6	840
10	1002
7	1382
7	665
7	864
20	872
23	383
10	774
10	866
7	848
1	675
4	885
1	885
6	811
11	455
4	1151
6	880
10	807
3	1488
10	905
6	533
7	54
7	871
1	859
12	615
7	854
21	840
11	577
1	872
7	1003
6	107
10	679
10	999
7	810
3	930
3	707
6	486
7	911
6	903
1	870
14	213
6	845
8	510
7	1003
7	116
14	121
6	623
4	870
5	812
10	660
1	860
1	596
6	907
8	872
22	1032
20	892
19	752
3	1158
6	942
9	928
1	776
4	1088
7	716
12	775
10	874
7	856
10	874
10	206
6	912
10	894
1	899
5	172
7	811
7	803
1	871
2	1016
6	775
6	970
6	871
10	1015
7	942
7	997
22	911
16	858
12	907
7	932
13	878
12	1444
10	495
18	708
3	873
5	174
10	907
10	839
12	879
10	938
23	869
4	912
16	1008
2	872
6	233
7	874
6	216
9	425
6	452
6	717
7	878
4	930
4	550
6	372
6	264
1	878
5	497
7	1008
1	989
10	356
10	1071
25	744
6	806
6	550
6	843
24	808
19	759
4	874
6	183
1	1215
16	535
7	1001
7	877
6	734
7	773
7	1014
4	894
6	856
6	711
7	895
6	868
10	833
10	874
15	504
2	775
7	874
1	869
12	855
7	989
6	930
4	942
6	873
10	842
1	965
12	796
6	812
14	72
7	1032
7	674
7	1061
12	884
6	875
23	940
6	966
7	872
3	773
6	269
7	674
2	831
2	1
20	838
7	812
6	875
10	875
7	964
6	815
7	126
5	874
6	807
4	775
10	1032
7	879
1	839
1	874
1	873
17	1011
7	730
12	858
6	807
11	469
11	606
7	868
7	860
24	743
3	986
6	1134
13	1003
6	934
10	426
2	851
10	801
10	989
10	930
10	875
6	811
11	871
7	872
7	911
6	1020
7	909
10	946
23	872
12	848
16	934
10	867
1	876
10	801
21	846
6	806
24	453
13	944
3	809
13	843
15	511
15	473
7	896
7	1005
3	500
6	911
4	780
7	838
6	894
6	813
24	719
12	1496
6	976
4	875
7	937
5	812
1	998
10	809
7	875
7	537
5	823
6	876
4	779
1	955
6	875
10	795
10	875
10	930
6	187
8	145
3	310
7	899
6	906
10	772
3	559
6	493
6	226
3	458
8	895
6	846
3	206
3	1245
6	581
3	861
4	972
16	789
16	932
6	793
22	907
17	895
10	999
7	554
6	988
10	1031
10	871
10	95
1	965
5	887
10	875
10	866
1	742
7	878
4	937
10	908
3	838
4	874
3	149
1	805
14	461
10	808
7	844
7	887
10	1248
6	711
3	936
4	997
6	767
10	879
7	686
7	876
6	870
6	963
10	943
10	518
1	880
14	876
1	997
9	705
6	841
10	880
4	982
6	871
6	1230
7	981
7	875
6	775
5	271
5	976
10	871
10	999
7	71
10	894
1	875
7	846
6	501
10	880
7	994
10	578
7	871
7	912
13	906
12	244
10	869
7	805
16	835
15	512
7	808
10	1002
7	853
6	871
10	872
10	153
10	872
10	887
4	899
6	767
7	775
7	860
7	966
7	770
4	1287
1	780
1	1035
6	968
6	759
6	829
2	874
6	826
4	892
19	706
3	999
2	856
21	880
10	805
10	973
1	905
2	891
10	807
12	894
6	870
7	784
12	988
9	711
6	705
10	369
7	891
7	93
4	815
6	871
6	888
7	854
4	937
12	870
11	869
16	746
6	900
6	709
1	870
12	911
12	793
12	942
16	999
16	868
6	926
13	599
12	791
4	1164
1	1075
6	871
10	959
3	255
10	878
5	875
10	1006
6	875
7	907
7	790
10	872
10	1039
7	1015
10	252
10	682
7	917
6	874
7	596
7	1143
7	935
7	871
9	119
7	939
12	870
4	1302
7	930
6	911
6	511
4	855
6	217
7	976
7	886
7	812
4	1007
4	804
8	940
1	848
13	872
16	929
5	880
5	996
6	941
6	344
6	670
6	946
10	876
10	867
10	970
10	862
22	588
22	1135
18	767
4	776
6	891
6	991
6	719
6	776
4	871
6	910
10	877
6	868
6	804
6	877
10	1002
10	966
7	85
7	810
13	550
10	870
7	688
6	898
7	875
7	514
3	839
7	864
4	887
6	771
22	856
10	999
12	732
4	932
6	807
24	1444
7	114
4	878
5	871
6	587
6	851
19	842
7	749
7	821
4	1027
6	854
6	900
10	833
10	873
7	802
7	1015
1	1229
6	204
10	872
7	843
3	879
3	865
4	1155
9	174
3	821
10	895
4	846
1	1101
5	940
6	876
21	997
6	874
10	796
25	606
6	960
7	1001
6	809
10	960
22	545
7	888
7	959
7	805
4	899
16	1442
10	577
10	869
6	875
6	593
6	900
7	792
16	1068
13	755
6	986
10	937
10	378
4	775
12	994
16	1178
6	838
10	1032
6	943
6	874
4	942
10	865
6	508
12	867
12	906
1	879
8	844
6	808
6	835
9	768
16	998
6	884
7	900
4	1005
3	1215
6	1034
23	1000
6	871
7	661
1	933
2	871
6	901
7	876
1	844
6	778
6	839
10	872
10	872
7	616
6	588
13	1003
6	876
18	717
7	932
7	837
14	888
16	870
7	1282
7	997
9	885
6	895
6	964
12	880
6	876
10	808
10	869
1	801
12	891
6	768
21	1020
10	585
4	1040
10	913
7	981
7	583
1	871
6	876
7	598
17	883
25	792
4	967
2	393
6	504
18	552
7	942
25	538
7	874
7	834
7	875
6	867
7	890
8	872
6	823
2	597
10	814
7	1136
7	619
10	840
4	883
6	867
10	961
20	217
10	614
12	872
4	553
6	383
7	587
6	876
7	1474
10	734
10	630
10	786
1	871
15	656
3	776
12	871
4	902
10	780
3	1153
10	875
7	1000
12	842
7	879
1	879
2	834
22	683
10	873
7	856
4	871
7	815
10	195
7	916
6	499
6	880
10	1034
7	862
15	1365
3	848
7	93
7	613
7	880
16	662
22	869
22	203
8	1089
12	898
10	846
4	964
6	910
13	544
13	744
6	498
7	926
12	801
16	871
24	673
6	1062
7	1193
6	807
25	622
15	759
14	141
6	1110
10	630
18	759
7	776
2	925
7	877
13	509
24	744
7	59
10	989
3	992
7	862
4	879
1	776
2	866
7	1000
7	797
7	873
19	768
20	863
6	1015
7	68
3	870
12	1040
5	1008
10	843
10	869
15	872
19	831
23	815
7	119
7	821
22	509
7	607
6	580
7	853
7	956
9	834
16	850
6	70
10	955
7	863
8	872
6	999
6	852
10	868
6	886
3	776
7	840
4	402
12	906
12	828
1	1013
7	874
7	906
14	341
6	805
6	811
7	878
4	546
6	455
7	1002
7	1000
7	887
7	189
6	882
1	984
10	711
10	1003
10	880
7	911
10	995
6	994
7	865
13	623
7	810
7	532
1	775
16	887
3	1031
6	844
22	853
7	886
4	899
13	944
1	883
16	873
4	871
1	966
3	773
6	907
6	1040
10	896
7	872
13	872
4	578
4	96
1	989
4	869
1	859
13	453
7	900
13	766
3	194
12	848
16	805
7	808
7	873
25	855
7	969
4	1014
5	1231
25	894
12	500
9	718
15	471
7	932
7	869
4	925
10	842
7	1003
3	856
16	1147
6	1230
10	875
7	871
3	220
7	981
7	620
6	1002
6	810
1	874
12	486
6	935
7	864
8	637
10	844
10	830
10	835
6	847
6	774
4	770
4	867
8	944
1	780
1	906
3	999
12	856
16	868
6	455
10	813
10	912
10	528
11	31
11	1164
7	984
10	879
22	243
6	865
9	846
7	944
4	860
6	999
10	871
7	870
7	890
8	871
3	805
6	823
7	824
12	470
8	879
6	810
10	807
7	556
6	844
6	815
1	831
6	707
7	870
1	874
19	1366
13	750
1	857
10	997
10	805
10	844
10	971
10	910
10	1056
1	985
6	995
6	968
6	1263
1	931
10	598
10	870
12	981
2	871
17	741
10	999
7	1242
7	18
7	1232
1	852
1	784
1	1013
26	75
10	119
12	866
10	803
19	712
7	687
7	930
7	115
7	857
16	1072
21	887
8	87
6	837
16	1018
12	879
7	878
7	597
1	982
7	870
7	854
20	1203
6	829
13	717
5	84
12	967
1	841
7	120
7	807
7	940
3	213
6	870
10	842
7	810
10	998
1	895
6	854
14	11
7	867
4	932
6	842
14	435
13	359
7	871
6	743
6	847
10	874
7	900
2	940
6	860
7	583
6	911
7	1363
8	982
1	1095
2	60
10	912
7	1146
7	998
5	809
4	808
7	1351
12	876
6	1027
7	866
7	608
12	879
23	875
6	179
7	940
7	994
6	809
6	876
8	614
7	51
7	842
7	872
4	114
1	874
2	984
6	79
6	708
6	195
6	877
6	874
7	154
7	880
7	871
7	966
7	1238
4	878
1	851
3	879
12	779
12	869
16	991
10	944
10	906
10	840
10	600
10	880
10	1011
17	681
16	880
5	808
2	831
6	867
19	452
7	697
6	620
6	877
2	878
10	858
15	511
7	756
7	811
7	879
6	740
7	127
7	615
10	870
14	1028
7	611
4	66
7	603
15	733
6	1229
13	972
1	856
6	592
10	845
12	848
10	844
7	1518
4	866
6	844
18	762
18	766
7	246
1	879
10	709
4	853
6	513
7	874
7	886
7	842
1	807
6	888
6	931
10	910
4	808
12	832
10	873
3	868
7	771
12	867
6	890
7	875
4	876
16	840
6	899
6	868
10	960
7	811
6	804
4	853
1	880
12	1494
2	869
6	888
10	992
15	502
16	866
6	834
1	855
10	989
10	857
10	865
3	655
10	792
10	880
7	988
1	871
10	847
7	912
6	875
4	1037
7	87
4	769
7	840
10	871
4	906
10	885
4	890
13	874
7	862
7	469
7	592
7	1323
6	912
10	803
2	945
2	1510
6	456
7	862
7	807
14	660
6	853
16	997
6	102
7	887
6	866
24	719
4	810
6	987
10	1035
6	1516
6	348
6	858
7	935
7	867
12	1376
6	498
10	877
2	807
10	887
1	891
6	935
7	627
6	560
10	852
7	878
10	871
7	872
12	894
1	1000
10	1232
1	1019
7	886
3	1070
4	876
3	966
1	890
20	908
5	884
7	972
12	1123
12	882
16	1128
6	875
7	1000
7	833
6	873
16	616
19	736
7	681
10	968
7	871
6	871
10	1172
7	867
9	807
3	871
1	887
10	783
7	777
1	703
23	876
6	1000
16	898
7	1185
7	932
7	981
7	115
4	81
10	877
10	843
7	1013
3	706
4	887
10	880
12	228
10	773
7	894
1	916
12	523
22	1155
6	1017
6	942
7	615
4	874
12	643
10	838
10	1423
7	999
6	816
10	821
12	931
6	947
6	779
13	931
10	870
13	734
6	469
12	938
16	925
7	686
12	213
23	783
6	145
7	624
7	875
6	295
21	792
4	1066
16	1007
6	85
12	878
10	869
1	894
13	848
13	900
4	934
13	775
4	867
20	705
4	873
1	875
6	803
7	1000
6	592
6	382
6	608
6	877
10	967
3	906
10	879
5	194
10	887
7	586
7	673
6	869
6	867
7	11
4	807
12	807
6	194
6	143
10	999
10	962
7	911
3	467
22	867
4	845
10	932
10	1003
7	856
7	878
6	1002
25	755
7	909
1	908
5	1007
6	29
7	867
24	758
24	452
24	503
7	609
12	895
12	615
9	117
7	1016
7	887
7	970
21	801
10	819
7	869
1	876
6	413
4	774
12	880
10	890
10	940
6	987
6	842
6	784
4	1110
25	549
2	687
21	880
16	866
6	1455
6	815
7	871
10	873
7	680
6	1000
6	846
10	879
14	25
4	911
7	947
6	875
6	1008
6	738
10	898
6	957
6	889
10	880
3	375
9	217
16	929
4	773
6	1004
10	894
7	874
6	852
10	874
10	862
1	926
12	1493
7	872
10	607
7	872
7	911
2	876
5	876
7	937
20	1015
6	805
10	866
6	867
6	1390
6	455
9	868
7	874
25	449
6	873
6	884
7	887
6	271
7	800
1	838
12	1203
6	807
3	279
10	878
7	858
9	1348
2	823
6	856
10	834
7	953
7	875
7	871
4	848
4	963
3	879
12	867
5	797
10	994
7	870
6	875
7	999
6	1004
6	842
7	1030
4	808
1	896
12	1022
10	829
23	791
1	981
12	988
16	981
15	759
15	218
15	705
19	510
8	9
6	912
18	710
7	869
6	873
15	463
10	872
6	602
14	1131
7	858
7	875
7	869
7	679
12	878
7	875
7	854
3	883
10	870
10	984
7	866
7	875
7	866
7	780
6	880
16	943
10	872
23	859
6	869
6	999
3	618
10	870
7	870
12	90
6	975
6	603
6	586
13	750
6	863
6	214
3	743
4	880
2	875
6	1015
7	604
7	856
10	943
10	840
7	703
4	851
25	221
10	871
7	872
7	869
6	880
10	875
7	871
1	824
6	790
10	869
4	854
3	763
6	857
7	895
5	878
10	871
13	672
13	874
6	920
4	772
4	446
4	973
12	842
6	744
3	866
16	857
6	847
10	1136
6	985
13	867
7	796
16	768
16	765
6	856
10	551
10	82
7	854
7	71
4	808
16	898
10	871
14	554
1	809
1	840
1	993
12	879
12	622
2	1376
5	875
10	912
7	879
4	861
1	805
10	875
4	813
24	743
7	584
7	918
6	906
16	779
2	879
6	1087
6	876
7	867
7	865
5	855
10	591
4	877
1	1007
1	876
1	874
12	220
16	675
6	453
7	104
3	533
7	870
5	846
7	938
6	912
6	866
6	876
15	321
6	944
6	997
1	891
9	687
24	711
12	840
10	844
10	804
7	942
6	807
7	806
8	85
9	1064
6	971
4	620
6	1003
7	490
7	809
3	1003
22	556
12	1078
10	931
1	811
6	859
7	801
3	196
1	887
1	872
7	930
7	677
9	876
6	930
17	999
7	873
6	981
10	616
10	872
10	984
7	503
10	871
7	846
5	673
5	879
4	551
7	549
3	771
6	629
6	839
6	884
10	853
6	1231
7	906
4	871
4	842
6	870
6	860
7	1006
6	5
6	783
11	703
7	789
4	880
4	1027
5	777
5	908
6	1007
21	860
25	1180
6	242
6	876
6	804
6	894
13	1278
6	973
7	1403
8	874
3	1164
6	865
4	907
12	1007
10	1381
1	875
7	879
12	668
10	1024
4	872
6	78
22	519
15	256
4	1000
6	808
10	878
4	789
5	853
12	874
13	751
7	878
7	806
7	870
3	866
6	870
7	883
6	806
13	1006
14	511
7	680
14	261
6	846
7	789
6	910
4	854
6	611
1	1007
10	887
21	806
4	879
6	808
6	16
10	861
7	870
10	942
6	598
4	810
4	878
6	775
8	375
7	681
7	994
4	1022
13	879
6	676
1	874
6	887
5	1036
6	967
6	839
4	993
13	874
6	832
6	1020
5	845
10	1232
7	615
1	872
12	811
6	91
6	777
20	21
16	1020
13	499
6	812
13	878
6	1000
7	1008
1	895
6	503
6	900
6	932
7	937
7	878
6	892
18	555
6	804
7	874
7	876
1	928
7	810
1	867
1	1007
16	876
12	823
16	896
6	782
4	808
7	615
7	871
7	976
1	871
6	853
6	842
6	401
6	875
7	874
4	542
4	802
1	869
7	9
6	848
6	880
6	860
10	878
10	844
7	775
1	1232
10	880
23	615
4	877
7	1000
15	223
7	1008
7	194
7	903
7	887
1	904
7	269
13	725
7	867
6	992
10	813
10	1117
15	454
15	449
9	895
5	504
6	1231
10	845
15	255
1	865
3	884
16	781
5	1013
6	131
6	866
10	980
23	780
7	683
7	1000
6	710
7	839
6	923
24	751
6	885
25	743
6	841
7	995
6	894
6	948
6	836
7	911
6	70
7	623
4	878
13	743
6	869
4	591
2	984
10	1166
7	884
7	1517
7	912
4	845
5	877
6	209
6	1481
17	503
6	852
10	876
10	863
11	611
7	1041
6	888
21	878
25	710
25	461
7	871
15	468
4	909
6	104
10	1168
7	789
7	122
10	879
1	852
12	447
7	806
7	1008
24	742
6	711
4	100
3	148
10	840
6	975
6	542
7	870
4	877
6	860
1	1008
6	1282
6	504
10	896
15	449
22	874
7	960
7	878
6	715
6	716
2	860
6	501
4	984
6	730
6	712
1	875
1	870
5	493
18	512
7	848
7	874
7	858
6	870
7	873
4	872
4	972
10	870
7	546
6	451
6	196
6	813
10	976
7	912
7	870
6	922
10	1004
6	603
7	666
5	711
4	152
12	668
17	852
6	872
4	668
6	876
7	814
7	879
4	879
20	856
1	965
20	708
7	880
1	948
1	1372
7	703
1	905
6	867
10	602
7	937
6	607
6	892
6	579
10	880
13	199
13	868
6	802
6	932
4	880
4	938
10	894
4	961
1	1004
12	807
4	856
7	876
10	981
10	871
4	777
6	720
7	870
12	743
6	870
10	894
4	930
13	874
7	874
6	910
10	1291
14	222
3	503
6	868
1	870
12	814
6	874
10	939
7	1016
7	944
6	748
10	936
7	912
24	611
10	871
10	899
1	880
10	866
7	874
6	768
3	810
7	680
7	1199
7	1009
7	612
10	98
4	874
13	501
10	869
6	878
8	930
1	994
13	800
2	772
10	872
10	879
1	799
9	321
3	670
6	886
6	1020
12	877
3	650
7	878
3	1028
3	1263
6	933
6	989
7	592
6	929
7	858
10	872
25	461
6	953
7	869
13	762
10	853
7	871
1	13
1	996
5	103
7	886
1	879
6	241
7	878
13	201
13	455
13	691
7	870
7	1000
10	793
14	1496
7	854
3	614
7	858
12	863
1	856
12	1118
7	123
4	874
12	839
3	907
7	688
15	683
7	842
6	871
22	842
3	1382
2	895
11	75
7	1018
3	875
6	907
23	740
7	1264
13	891
3	869
6	792
5	850
1	878
1	860
6	930
4	871
4	849
12	723
6	877
7	803
4	846
6	816
14	502
7	998
7	784
10	857
10	338
10	255
5	839
7	847
4	887
1	963
1	931
6	871
6	870
8	189
8	541
9	189
9	541
12	372
4	888
12	984
23	896
6	1496
6	71
6	876
6	950
15	712
4	1006
6	974
10	847
22	1038
7	1016
7	892
7	879
3	1182
16	876
20	879
6	871
6	730
10	880
16	870
2	844
2	988
6	886
6	807
10	865
11	608
14	733
4	823
1	898
12	289
20	838
6	894
10	516
7	213
6	886
18	715
7	551
4	871
6	866
6	871
7	864
6	909
6	550
10	999
10	886
6	880
6	872
7	255
7	867
4	854
5	1123
6	874
6	887
6	222
6	93
6	867
7	600
4	999
7	981
10	862
10	872
11	449
10	880
7	931
12	1019
22	872
10	839
7	583
1	873
7	879
6	1015
7	973
6	971
10	989
6	767
25	500
7	610
4	586
6	875
4	581
13	456
16	1004
6	939
10	583
4	955
13	929
4	891
10	811
7	524
10	812
10	908
7	801
3	910
10	846
4	597
7	805
12	942
15	109
14	171
13	858
16	941
6	876
14	946
3	889
7	687
10	1000
6	981
6	875
7	1150
7	784
6	874
16	710
7	911
7	869
15	486
6	968
10	858
12	909
3	944
7	865
1	804
7	870
9	453
7	781
10	877
17	887
3	928
6	892
9	105
1	967
1	808
7	870
3	855
7	115
6	888
6	883
17	1007
3	848
6	974
11	500
6	930
10	1007
7	880
7	871
1	943
16	443
12	755
14	873
7	929
7	931
2	970
6	940
10	867
10	853
10	197
16	872
12	884
10	856
7	891
6	594
7	875
1	873
23	1392
7	838
5	849
10	847
12	899
6	912
7	784
10	812
1	834
4	199
6	862
7	882
5	861
7	879
7	725
1	863
6	504
7	808
1	944
1	870
13	553
2	247
6	780
6	705
15	204
3	457
6	503
6	844
6	883
10	875
14	996
18	1402
4	860
6	901
6	869
4	807
7	871
3	776
4	776
15	710
7	862
3	556
6	874
6	846
10	780
22	1008
11	719
1	1005
1	860
10	876
7	71
4	519
7	597
6	999
6	883
1	854
10	861
7	936
6	895
7	884
1	870
6	824
7	872
14	870
7	876
1	610
10	941
10	1454
10	944
1	959
3	295
10	598
4	870
22	792
6	486
1	886
6	931
16	218
17	734
8	472
12	812
6	806
10	860
5	898
6	870
6	776
6	836
6	1059
6	860
10	837
10	943
10	869
22	999
12	870
7	993
3	1433
1	639
16	986
7	918
7	872
10	807
7	876
7	895
6	485
6	743
7	835
1	847
11	728
7	872
4	114
8	142
13	453
6	880
6	1036
10	748
7	871
7	942
7	942
16	453
6	963
6	875
6	875
7	869
7	879
12	904
9	885
20	196
6	895
10	1003
7	1125
3	118
6	977
4	877
7	812
1	1262
10	1003
10	931
3	880
6	872
3	975
2	879
24	502
6	878
6	992
5	1019
6	823
6	842
6	891
7	871
1	875
25	700
7	875
7	869
9	688
10	932
10	971
13	783
7	751
1	1000
2	891
5	816
6	929
7	869
7	851
12	808
10	75
10	981
10	382
6	775
6	880
7	883
7	971
5	384
6	1437
7	96
4	1231
4	655
2	877
6	924
6	905
10	837
7	875
16	907
4	812
12	870
7	878
12	547
10	373
10	867
6	874
7	992
6	853
16	796
16	870
6	888
10	866
16	871
6	1005
6	871
6	906
1	937
16	988
6	921
10	883
7	992
7	871
4	631
4	870
7	807
1	895
21	1481
3	1015
6	880
7	591
7	853
4	1511
12	843
7	871
7	877
7	618
8	870
25	728
6	612
12	804
14	477
7	885
10	880
6	869
7	807
4	842
9	198
7	1019
6	845
21	880
1	607
6	877
10	964
1	843
12	477
7	860
6	455
10	876
4	872
6	910
5	656
12	848
6	771
10	900
25	1231
23	896
7	550
6	676
7	842
4	905
2	968
21	810
3	835
10	840
4	942
12	871
16	888
3	712
3	858
6	802
10	1018
8	668
6	939
13	740
1	846
20	999
7	517
17	848
7	888
12	848
7	1001
6	453
7	92
3	43
3	994
12	783
21	1386
2	855
1	1027
9	643
10	872
19	461
7	878
10	807
13	996
12	862
7	596
4	1007
16	808
10	880
16	837
6	864
10	1039
7	864
20	930
23	718
7	807
4	816
4	880
1	999
3	447
12	872
6	583
10	857
10	868
22	870
7	879
7	875
7	854
12	891
9	876
4	854
7	932
7	960
7	673
1	997
1	870
6	657
12	807
7	668
4	880
10	875
22	895
7	872
16	853
10	875
7	806
22	938
10	894
7	777
16	868
6	893
10	856
11	414
7	878
6	839
10	997
6	1005
21	214
10	870
10	940
10	940
13	941
6	900
6	998
7	871
10	908
6	823
6	848
10	616
1	878
7	853
2	839
6	454
7	855
10	973
11	371
6	870
6	911
14	766
20	962
10	1004
16	875
15	503
6	874
13	869
9	502
13	436
6	876
6	793
6	813
4	993
7	780
20	455
7	674
6	221
7	883
20	869
10	1512
17	807
12	869
7	686
7	774
12	1483
10	904
13	663
20	755
6	892
4	869
14	442
14	894
13	812
6	1006
10	1023
7	801
5	981
10	875
12	875
4	862
4	891
8	474
8	643
8	455
3	833
6	72
6	1079
7	935
7	1120
7	745
6	905
19	715
10	164
18	613
7	1197
4	862
1	880
6	857
10	899
7	74
4	1021
6	131
14	866
6	872
22	77
22	221
4	998
12	832
6	1104
10	859
10	872
1	959
6	937
7	618
7	941
1	868
10	868
7	807
7	124
3	385
6	890
23	81
7	896
16	868
7	871
4	856
6	455
17	868
3	933
10	883
22	871
10	874
1	911
6	974
15	498
1	848
12	873
10	998
1	875
7	583
7	632
7	888
7	873
10	156
12	1166
6	916
3	775
7	942
7	870
20	848
6	867
6	1240
10	871
7	673
24	587
14	656
10	944
7	911
25	759
1	868
7	1507
10	878
4	900
8	801
3	976
25	612
16	869
6	806
9	842
7	611
6	216
6	717
6	850
3	853
16	847
7	451
7	879
6	872
11	729
6	887
4	1007
4	887
15	472
1	865
12	1386
16	1001
6	485
7	1000
2	834
6	211
6	461
7	976
12	1406
5	784
10	769
7	811
1	965
6	850
7	911
7	998
7	776
6	774
4	809
7	873
7	821
10	871
7	854
20	867
10	874
17	873
7	934
1	1126
10	866
10	842
4	857
1	861
1	874
26	619
14	732
7	875
12	871
6	874
10	807
10	871
25	763
12	923
7	972
7	775
4	880
3	75
4	867
7	871
10	635
7	862
7	871
1	887
7	1509
9	971
7	984
13	608
2	882
4	872
6	590
13	216
6	888
7	774
8	710
6	771
10	664
6	776
7	1066
4	960
1	863
6	1026
10	848
7	1190
7	903
7	834
7	1038
7	944
6	999
1	892
9	986
6	594
7	1528
13	760
6	869
10	872
6	811
6	846
6	743
6	1016
6	874
6	222
10	894
4	871
20	908
22	85
10	874
1	874
3	1114
6	847
7	966
5	89
10	775
4	896
7	687
7	868
6	504
4	591
7	866
10	860
6	1168
20	905
6	814
12	984
10	842
6	878
4	846
6	451
10	921
4	977
6	1166
7	1002
1	907
13	810
7	895
7	992
12	115
6	717
10	875
10	999
4	861
6	865
12	866
6	891
1	839
6	957
3	846
16	938
10	869
1	896
5	199
6	867
7	925
6	807
3	776
4	23
12	807
12	1510
16	1026
10	943
5	808
6	583
6	875
7	866
7	871
6	868
7	872
7	1003
11	558
13	780
6	884
10	971
7	856
4	725
1	942
3	870
12	1027
20	1024
6	503
6	480
6	1016
6	875
6	998
7	999
7	869
4	872
1	551
3	654
3	807
3	866
12	711
16	872
2	1015
20	867
6	736
11	837
15	711
26	651
18	726
25	1163
23	557
23	1005
7	686
1	780
24	623
12	628
11	469
15	221
6	1259
10	1008
6	1231
7	1008
10	967
7	882
4	877
16	870
6	784
2	670
1	872
5	866
6	871
7	944
6	863
7	878
12	870
6	631
10	1421
10	962
13	872
7	668
7	1045
7	188
16	1004
6	997
7	871
6	879
10	875
6	872
7	546
12	850
6	899
10	999
10	875
7	847
13	255
12	842
6	888
3	143
6	871
7	848
10	157
7	984
12	1040
7	892
3	1470
12	897
6	887
1	880
16	846
10	879
7	830
7	1067
12	871
10	904
6	905
6	456
1	874
16	878
12	1003
17	847
1	776
12	1532
6	890
13	856
16	893
7	872
12	929
14	711
7	601
12	1454
16	688
10	863
7	670
1	1004
1	847
16	1000
6	866
6	874
10	874
13	895
12	803
7	621
13	973
9	874
3	889
16	944
6	766
6	717
6	503
10	876
7	876
4	839
20	778
6	943
6	765
6	773
12	123
14	459
7	850
9	1082
10	880
7	775
7	874
1	801
3	1320
10	939
2	873
7	867
6	984
6	854
6	213
10	872
6	939
9	711
7	879
7	620
14	529
2	981
7	895
7	960
1	775
6	895
3	816
6	992
10	999
16	804
10	874
13	844
6	947
7	816
4	870
10	859
6	74
7	1486
1	893
4	874
4	265
14	269
10	911
7	875
7	880
6	892
1	871
6	890
7	812
21	596
11	1038
3	455
10	872
7	32
3	809
3	656
7	878
10	78
12	792
10	876
12	942
7	699
17	780
10	806
7	872
2	935
6	842
10	808
6	890
7	879
7	842
12	717
6	1015
10	871
7	993
7	971
6	720
6	937
7	948
1	913
10	812
11	465
4	993
9	780
16	1015
10	872
14	508
7	938
7	1078
7	871
7	877
7	1004
4	867
4	68
4	999
1	861
1	879
1	953
1	999
13	736
3	1016
12	812
12	878
12	829
6	507
6	519
6	963
6	878
6	870
6	984
6	711
6	913
6	78
6	876
10	880
22	1106
17	779
15	460
19	719
6	776
10	981
6	871
10	937
1	936
6	610
6	866
21	870
10	878
10	1392
7	898
12	905
6	856
10	846
10	875
7	880
5	776
6	719
6	871
6	880
6	1007
10	875
10	852
10	867
7	943
8	870
20	838
6	1005
7	100
7	959
4	119
6	1366
21	870
10	866
1	853
1	870
6	480
6	972
7	962
3	877
16	850
6	883
3	816
3	16
7	239
2	837
7	85
22	857
8	900
3	940
10	893
7	614
1	807
12	944
17	534
20	890
6	1014
10	984
6	874
7	856
7	873
4	928
1	1380
13	879
6	997
10	853
3	875
12	839
10	1019
7	87
7	871
7	154
10	792
1	972
1	907
2	836
10	876
7	871
6	504
2	875
2	888
6	1064
20	869
13	931
12	840
5	839
6	876
7	860
12	861
6	875
6	793
10	812
7	39
4	981
1	216
6	879
6	847
6	887
10	879
10	928
4	870
3	152
7	873
3	873
12	959
16	655
6	874
6	945
6	778
7	775
6	997
7	1057
7	878
7	873
1	823
12	1380
6	548
7	855
4	874
6	865
6	871
7	871
7	872
1	875
12	375
10	998
10	666
10	939
10	1023
7	1321
6	875
6	455
6	873
10	874
1	871
3	1032
12	870
6	896
10	871
7	854
1	880
7	894
1	866
6	838
7	735
7	871
16	873
6	871
7	1004
11	759
7	894
7	627
6	857
6	473
6	870
1	462
7	873
6	759
6	984
6	592
7	579
4	616
3	554
12	71
24	455
26	598
9	907
6	598
4	880
3	1450
12	555
6	876
10	982
7	839
1	859
16	918
6	875
6	485
3	733
12	848
4	868
6	999
10	876
6	853
6	808
6	986
10	887
7	1014
24	706
13	775
7	870
14	81
1	928
4	1099
6	775
10	1028
6	806
6	871
6	455
15	456
11	749
7	968
4	875
1	998
16	879
10	807
7	1032
7	1003
7	867
1	620
13	454
12	888
10	997
6	875
7	895
6	941
12	614
6	520
3	889
12	232
20	455
25	461
7	808
7	880
13	874
6	620
4	870
1	864
1	871
25	752
4	872
10	868
7	840
1	877
6	838
6	930
1	876
6	846
11	230
3	873
7	876
1	868
1	774
13	874
9	719
6	1010
6	868
14	510
14	718
6	906
4	876
10	844
7	1015
7	998
7	968
7	1142
16	1230
8	840
1	814
3	449
6	1424
6	6
6	858
1	807
2	744
13	869
10	963
7	871
21	839
10	996
10	899
6	966
10	1117
6	1032
7	886
6	999
7	899
7	859
10	898
8	334
7	874
3	870
6	910
18	735
1	874
14	119
7	871
4	875
1	853
14	387
7	996
1	830
12	133
7	871
1	873
1	870
17	837
14	1314
7	812
7	815
10	911
10	935
10	908
10	860
7	899
12	511
6	874
7	981
6	911
6	894
6	839
1	807
13	871
21	854
7	137
3	938
6	862
10	865
1	858
9	117
3	869
16	873
6	929
7	874
24	720
16	875
7	871
13	717
10	865
6	814
10	1004
7	816
7	926
1	940
1	809
10	802
7	20
6	955
6	944
10	878
7	877
6	853
7	872
4	830
3	852
2	853
6	932
10	874
4	880
7	892
6	981
10	981
13	998
5	1094
6	449
4	876
6	878
13	911
26	635
26	751
5	1218
10	1220
15	623
25	1240
23	574
15	649
17	738
15	1201
7	101
6	216
18	235
6	773
7	967
3	984
6	846
6	898
10	1087
10	888
9	154
10	848
7	42
10	536
6	872
1	889
7	907
7	810
1	1017
1	867
12	882
6	784
10	995
10	871
6	996
24	619
10	775
10	248
15	733
16	725
16	1067
6	944
6	835
10	863
3	579
7	840
6	864
1	944
9	875
6	608
10	876
16	1102
6	937
6	708
1	869
13	555
8	93
19	874
7	1308
6	333
1	875
2	871
22	716
7	931
19	634
7	857
7	879
1	614
7	1006
7	887
1	980
6	601
10	867
7	623
4	877
6	848
6	629
13	1374
7	856
1	1026
13	448
10	667
13	855
12	619
7	879
4	988
6	874
5	912
1	932
3	967
24	1207
4	1016
12	871
6	853
6	944
7	995
1	775
7	912
7	812
11	606
7	64
7	833
6	906
7	970
7	1014
3	703
7	874
20	618
4	1001
1	932
6	905
7	907
1	870
1	871
13	880
7	972
1	981
4	596
6	531
13	503
6	457
14	985
6	870
3	874
1	858
6	747
6	1001
7	611
3	194
6	866
6	874
7	932
7	1163
1	1031
9	472
7	195
6	860
7	888
3	895
7	981
5	531
6	810
10	878
6	875
10	864
1	886
11	96
8	505
6	848
14	254
14	874
7	79
6	875
10	856
10	1181
9	1408
3	632
20	878
10	872
4	943
5	873
10	868
7	872
1	902
6	870
7	874
7	982
3	996
12	1003
5	231
10	874
4	984
12	999
6	971
4	1002
15	711
4	965
6	875
7	890
7	838
7	675
6	854
6	455
3	1003
12	915
6	930
7	874
10	608
1	989
7	789
7	195
1	957
20	477
10	871
7	1262
6	875
16	911
13	874
16	1035
24	451
14	15
6	880
10	1002
9	999
10	870
17	726
7	1001
4	876
4	905
6	998
7	866
4	865
10	876
12	308
3	880
12	854
16	908
10	851
12	871
11	1146
14	519
7	805
12	383
6	879
7	525
10	906
6	604
7	898
7	872
3	873
20	471
10	910
19	862
8	666
9	812
6	587
11	673
6	943
6	871
12	998
4	1007
7	1006
7	870
7	995
1	999
4	999
1	871
12	893
6	197
6	841
13	850
5	938
6	860
18	503
4	879
4	870
12	866
6	813
14	509
6	870
7	1039
7	925
4	1006
6	887
1	827
10	903
7	861
7	102
6	839
19	911
10	1091
10	805
26	549
2	657
7	809
6	840
3	817
2	898
10	942
7	675
16	869
6	383
6	808
17	869
6	961
10	878
10	863
23	712
7	878
7	1006
13	838
6	778
6	1000
13	1000
9	1000
5	1000
23	1000
12	880
16	982
6	857
10	861
10	880
3	870
9	748
6	858
5	870
10	879
6	848
11	743
23	872
3	981
6	461
3	717
6	504
7	807
13	870
7	92
13	709
16	729
6	856
6	739
6	904
4	854
1	866
13	927
3	1517
6	643
10	871
7	209
7	860
13	762
7	116
13	1214
7	839
24	193
7	552
7	802
6	888
7	846
20	200
3	365
6	938
7	993
10	895
14	1116
7	874
6	878
17	512
7	872
5	873
9	919
7	687
24	719
20	857
1	806
6	886
10	875
7	947
4	863
8	864
1	938
5	923
4	871
6	500
6	752
10	876
10	937
1	875
1	907
7	811
3	777
7	868
5	858
7	879
3	907
7	631
10	871
7	878
7	872
7	873
10	871
4	869
5	782
2	1005
4	891
12	1017
5	40
10	867
6	720
1	979
6	812
6	449
10	870
10	870
1	774
13	1479
6	800
1	928
6	879
10	872
5	988
10	811
7	873
7	874
1	879
6	870
6	999
6	812
10	874
16	996
6	987
10	837
7	925
15	767
19	453
6	937
1	216
9	845
14	283
12	840
6	615
10	874
7	871
1	872
6	836
6	974
4	870
7	880
6	871
7	858
7	119
20	756
6	815
7	860
7	868
4	1000
1	887
3	101
6	887
6	911
6	875
6	805
10	943
22	834
7	899
7	197
4	250
4	846
7	888
6	775
1	886
1	876
4	877
6	857
3	497
10	869
23	718
16	856
16	1057
2	811
6	972
6	857
7	876
7	1004
4	900
1	875
5	871
6	932
11	674
7	993
7	831
4	870
4	998
12	843
2	1220
6	868
6	1038
8	227
8	128
8	708
8	764
1	868
6	871
6	384
10	839
1	106
10	904
4	923
1	907
3	1061
6	551
10	801
10	968
21	551
10	980
6	811
6	712
6	895
7	965
4	885
1	687
10	842
7	880
16	878
16	864
16	308
5	1072
6	868
5	879
6	876
10	867
1	931
1	886
5	859
7	875
5	871
10	999
12	843
1	1000
4	847
6	980
1	874
7	844
6	912
20	806
6	884
10	875
3	842
10	886
13	763
7	778
2	838
6	808
6	831
7	976
6	846
9	870
10	875
7	887
4	870
6	944
7	548
4	811
1	848
10	1023
7	870
6	1004
12	868
1	876
7	638
7	1382
7	1000
2	944
6	976
10	836
4	876
12	204
6	778
7	887
4	880
4	942
7	123
12	816
13	503
16	844
7	774
1	808
16	1008
1	783
6	843
7	782
7	577
13	944
1	868
3	860
4	857
10	804
10	255
7	880
6	463
2	939
10	894
4	594
7	877
3	810
4	807
14	525
9	893
6	856
4	868
4	873
5	940
11	755
10	1024
5	812
24	126
6	832
7	811
7	875
3	811
7	912
20	912
4	868
4	944
8	860
6	874
7	930
11	84
1	943
7	141
7	810
4	930
16	1006
10	871
6	867
10	876
10	871
1	875
7	805
16	1014
10	1389
24	456
16	875
12	745
7	1031
3	999
5	816
16	875
14	832
7	953
1	1213
10	872
17	775
10	1014
20	244
6	944
10	728
25	609
7	958
16	860
6	861
1	876
3	1118
14	856
4	615
3	839
1	774
3	869
8	369
7	968
4	599
4	876
7	870
3	869
6	944
6	911
12	984
5	871
6	455
1	812
3	838
10	896
7	846
14	785
3	628
4	766
12	984
10	837
12	870
12	813
6	840
6	963
16	1151
16	848
2	853
10	775
7	843
20	203
7	943
1	1059
10	939
10	875
16	956
3	497
3	856
7	1007
7	899
13	837
9	887
10	899
7	995
10	776
7	972
3	808
12	816
4	83
7	807
8	858
23	849
7	972
4	872
13	909
10	868
6	1007
16	583
16	879
7	772
1	1151
1	932
16	888
6	840
6	941
16	876
7	934
1	981
10	1006
4	871
13	267
10	775
10	876
10	90
5	940
15	453
4	216
6	842
4	898
16	808
7	869
10	1278
14	92
10	285
10	774
1	864
6	944
10	848
10	840
4	1037
4	993
4	876
10	777
8	879
7	807
5	960
12	76
10	776
14	520
7	514
7	1100
7	257
7	246
7	1188
7	514
12	776
7	669
9	857
3	1039
12	812
6	1004
6	923
23	807
7	875
3	880
7	993
6	789
13	871
12	811
10	963
10	887
17	859
10	872
1	602
10	872
6	809
10	1390
6	887
1	1017
3	1006
3	807
4	813
7	872
6	873
6	875
7	789
1	896
7	1040
14	871
3	15
3	1220
6	783
7	1151
16	838
6	871
10	875
14	876
7	779
2	1058
12	932
6	959
7	751
10	964
10	875
4	256
20	804
10	816
12	894
6	992
10	1167
7	868
7	76
6	736
6	879
6	846
1	870
3	497
10	141
1	969
3	1034
4	84
15	224
10	814
7	974
10	530
16	272
16	912
6	720
1	1406
10	880
7	939
2	852
10	865
1	866
6	784
3	215
6	992
7	871
7	998
16	872
23	137
13	874
6	872
10	876
22	940
12	911
7	834
7	910
4	809
4	196
7	809
10	882
7	883
10	875
1	998
1	1376
10	1063
4	852
6	909
3	1013
6	82
3	827
10	880
10	1392
4	878
16	834
1	996
16	1248
16	999
6	896
6	888
25	1306
4	430
6	775
8	456
6	807
4	937
6	1025
10	857
1	937
10	924
10	860
7	852
5	884
4	875
6	705
6	842
7	597
7	584
1	681
6	59
1	880
6	887
4	1186
13	1086
5	802
5	879
10	1384
5	1420
1	868
10	156
7	940
10	548
6	687
10	976
7	985
3	864
15	498
7	856
6	603
6	674
7	805
6	776
7	853
12	964
7	590
10	875
7	844
7	876
12	1032
6	1004
10	910
4	880
15	719
2	879
10	803
12	792
20	912
4	999
16	872
2	853
7	944
7	873
6	453
7	875
7	870
7	1090
4	212
4	865
3	860
20	864
5	935
6	879
6	618
10	854
7	1195
1	861
1	858
10	1476
8	255
12	107
7	891
10	582
4	912
6	879
10	775
22	909
15	759
23	610
6	966
10	783
14	755
6	778
6	1182
10	1065
10	826
7	999
16	886
4	811
4	776
3	1052
6	776
10	526
10	896
2	873
10	854
4	869
1	808
4	620
6	932
20	1004
10	906
1	840
7	890
6	867
10	858
10	951
7	959
4	868
1	775
6	866
22	867
10	618
5	865
3	610
6	859
4	878
15	504
11	760
16	208
3	614
6	844
2	885
21	1008
7	1000
7	619
7	872
7	856
6	999
7	1004
10	916
22	807
3	871
6	895
10	806
7	588
16	810
10	806
4	871
14	594
1	999
4	898
6	844
20	875
6	798
10	1088
7	1003
7	999
4	929
1	1036
12	890
10	876
7	800
7	879
4	866
6	862
20	870
4	871
5	1004
17	776
10	876
14	511
7	1014
3	869
6	876
6	955
10	870
10	782
1	873
6	1445
13	942
5	840
5	943
12	851
4	896
7	615
13	610
13	942
14	321
2	912
4	779
12	807
3	875
5	1000
10	871
3	798
12	85
13	995
7	614
7	858
4	807
2	876
10	865
1	536
7	114
7	873
19	228
6	463
10	911
22	883
7	610
4	865
7	870
6	720
6	481
14	705
7	902
7	118
7	984
8	807
6	910
15	191
23	1433
16	665
10	863
7	984
7	875
7	1384
15	767
14	86
17	735
7	1001
6	870
7	533
16	835
6	871
12	838
6	783
10	199
10	997
10	1011
3	188
6	1031
13	457
1	1139
13	965
5	838
7	822
12	1328
12	811
6	930
6	910
6	872
17	789
7	879
8	183
20	486
4	984
13	942
6	993
11	596
12	999
6	21
15	505
15	503
8	790
10	379
3	403
7	602
6	943
10	614
10	876
10	872
7	815
7	81
7	884
7	865
4	1014
2	896
10	879
25	612
6	804
15	682
10	857
24	211
6	826
10	870
24	681
7	125
7	996
7	600
6	813
6	875
12	790
6	1200
3	622
3	938
23	685
1	940
7	879
12	900
25	453
12	856
6	839
6	874
10	784
6	773
7	822
6	1078
1	870
7	868
6	749
6	894
4	1002
6	845
4	624
16	804
6	624
10	1103
7	869
6	1008
6	81
6	865
6	908
6	897
22	1246
7	780
2	1031
7	908
6	878
3	880
10	825
6	774
23	522
23	158
10	865
3	842
6	896
6	930
7	847
7	590
7	856
4	647
10	902
10	922
22	311
7	999
13	900
6	998
4	861
9	544
10	79
10	999
7	857
12	872
5	838
7	887
7	880
6	876
6	872
6	610
7	876
6	879
10	931
24	131
24	735
6	469
22	783
4	878
6	888
12	912
6	543
12	607
6	617
7	1226
7	878
7	883
1	967
1	159
13	1103
12	868
2	995
2	585
2	815
6	779
7	1167
6	937
6	1163
1	874
6	875
6	873
6	912
15	711
9	469
10	872
7	856
4	935
6	778
1	805
16	909
4	967
7	961
7	590
1	940
2	886
6	999
13	200
10	873
10	800
23	115
7	981
1	937
12	989
6	708
6	881
10	871
9	553
16	896
12	1005
10	114
7	846
12	911
6	871
10	874
7	869
6	912
6	929
10	995
1	877
13	874
6	711
6	992
1	547
12	469
6	751
1	875
13	504
12	865
6	385
6	896
3	660
3	805
12	895
7	887
6	932
6	875
10	974
7	1450
7	875
13	835
1	856
16	821
2	882
3	845
8	764
3	524
7	1003
7	775
10	943
3	848
10	878
4	907
13	940
7	1447
4	1004
19	800
12	1080
2	843
5	853
1	887
6	848
7	670
1	1163
10	875
3	856
4	881
1	845
7	910
7	247
1	845
24	527
18	230
6	906
7	610
7	1001
6	846
10	776
1	944
1	1004
6	596
6	931
10	938
7	872
14	736
14	451
19	726
7	549
1	878
1	934
6	878
6	504
6	852
6	856
10	1000
7	842
8	24
10	792
7	939
9	139
9	711
9	710
2	907
14	867
2	831
10	883
7	874
7	854
6	853
6	1000
10	878
4	982
12	28
6	892
6	78
7	872
4	995
1	847
7	808
14	1018
7	145
8	691
6	845
10	912
5	707
3	621
4	878
3	168
20	797
16	559
6	890
6	849
24	707
24	216
7	869
3	484
3	811
4	878
7	871
7	888
7	982
4	1136
6	869
15	720
24	719
6	765
6	940
7	116
6	779
10	980
7	969
10	792
4	992
10	808
7	744
10	1024
6	853
6	838
6	730
7	875
6	856
7	860
4	876
9	1388
3	866
6	847
10	1168
6	887
10	849
10	779
6	930
10	875
7	682
6	611
6	845
2	886
4	866
13	875
8	1318
6	867
4	931
3	875
7	857
10	774
4	897
3	869
22	555
7	876
12	868
4	869
3	775
14	768
7	910
1	857
1	878
3	875
6	873
10	872
4	780
3	860
12	1028
15	711
25	711
6	871
23	976
13	247
7	846
16	879
6	887
6	1509
6	870
10	875
10	870
15	742
7	885
3	868
6	469
6	878
7	997
7	777
6	874
6	509
16	875
10	899
7	891
7	675
6	943
10	965
7	682
6	717
10	834
10	865
5	463
21	884
23	847
10	834
6	772
6	876
12	805
7	870
8	880
12	809
6	994
7	870
9	1008
12	849
6	760
10	931
10	853
4	834
15	257
4	1069
6	912
4	877
1	876
1	965
1	873
6	875
10	841
10	880
23	871
1	812
3	872
12	868
6	848
6	842
10	846
10	884
7	106
6	944
19	87
4	872
1	792
10	875
13	496
3	939
4	847
6	874
5	752
12	844
7	87
7	824
16	846
6	805
12	875
12	994
15	593
4	813
1	965
9	887
6	872
6	1312
10	838
10	21
1	875
2	178
6	792
7	943
5	850
23	516
7	894
5	876
6	837
7	871
10	900
7	604
6	873
7	906
7	818
4	935
2	1015
6	886
6	705
6	871
10	27
7	867
6	928
6	892
1	887
3	902
5	869
6	935
24	709
4	1158
3	870
6	98
10	874
2	1021
7	865
1	870
6	501
6	1035
6	890
7	823
13	856
6	807
7	854
4	617
7	869
6	876
7	675
7	905
3	775
6	844
6	878
10	895
10	808
10	879
10	907
18	202
7	870
6	871
7	1181
10	871
6	855
7	940
7	871
7	943
16	812
6	911
10	1068
15	239
1	854
6	853
3	621
7	880
6	457
6	989
15	463
13	503
13	711
6	869
7	590
7	209
14	758
10	870
7	872
4	838
7	938
5	599
6	984
6	868
7	999
6	846
10	860
10	858
24	652
12	911
4	792
6	895
1	760
4	875
6	1002
10	968
20	868
7	229
7	869
7	937
7	856
7	875
7	878
1	860
6	871
6	999
7	874
7	922
16	850
6	874
6	809
10	879
10	872
7	856
12	939
12	729
12	875
7	875
13	76
6	944
6	995
6	938
7	862
7	854
7	940
1	875
6	872
6	985
10	164
10	938
10	870
1	982
6	501
6	779
7	1006
7	124
1	890
10	255
9	677
7	843
6	461
6	814
4	975
7	997
6	759
20	812
6	997
14	717
9	871
3	146
6	894
3	703
4	1039
7	552
7	879
6	872
6	847
6	808
3	867
6	453
10	939
4	939
4	1001
12	891
6	932
10	932
4	762
7	599
10	877
10	853
10	1135
5	887
7	947
3	1286
10	1019
12	803
20	872
6	456
3	899
12	559
10	860
6	887
4	999
7	890
6	909
7	1408
7	877
4	998
1	807
1	895
1	864
16	1013
6	944
6	875
7	808
10	872
1	876
6	614
6	869
12	874
7	1141
6	872
1	984
15	540
6	795
10	938
4	839
4	935
10	875
13	956
10	875
15	711
12	497
4	878
4	782
1	879
3	871
10	872
6	770
6	995
7	853
12	871
7	869
6	1094
16	674
7	620
24	453
7	871
4	921
14	655
7	907
7	631
6	847
3	487
6	874
6	905
3	763
7	892
1	1151
7	871
12	808
4	931
1	879
24	560
4	366
3	886
6	460
7	214
4	1002
8	972
6	1005
10	808
7	593
7	553
4	874
14	719
1	999
6	869
19	724
6	845
6	457
2	1231
6	975
6	876
21	138
12	789
4	879
13	503
6	486
6	879
19	674
10	1439
1	886
7	806
6	1007
7	981
6	890
12	869
13	1232
6	984
12	584
6	936
7	869
4	836
25	512
8	854
16	871
10	911
7	961
7	792
6	865
21	872
10	872
7	871
7	623
6	557
10	870
7	871
16	815
10	1024
2	879
6	203
4	909
3	880
12	1070
6	740
7	899
2	785
6	831
10	869
10	1135
7	619
7	856
7	871
20	887
7	869
7	840
2	831
12	1232
7	879
7	842
7	846
10	844
16	769
10	874
4	871
12	874
19	750
13	876
1	1399
7	782
2	855
7	865
10	780
4	960
7	877
6	940
3	4
10	1143
16	886
6	853
6	959
22	811
4	876
4	824
5	1022
10	980
20	157
6	792
16	827
10	779
3	1006
1	871
7	865
4	856
1	873
6	868
6	870
6	616
13	808
1	838
7	744
1	972
19	511
7	559
1	853
9	845
12	243
19	728
6	860
19	685
7	857
2	806
12	635
20	912
6	880
4	805
3	888
5	1005
10	848
7	872
4	807
12	808
10	875
16	1488
25	627
7	870
7	976
3	855
12	453
20	981
5	858
6	921
18	560
16	935
7	931
7	930
10	1395
14	1262
10	996
1	1002
3	471
12	872
10	864
10	931
7	618
10	836
7	150
6	1019
4	869
6	452
6	118
1	1058
6	776
10	878
23	740
7	1004
7	839
16	1077
4	861
1	807
10	1451
10	24
6	876
7	872
6	880
10	243
3	767
5	810
6	791
6	871
6	875
7	872
14	711
6	840
7	999
7	816
4	879
6	767
7	779
6	875
7	618
1	857
13	731
6	775
10	992
6	455
16	880
15	270
7	685
9	850
6	890
4	732
12	779
6	1007
7	876
7	587
4	860
12	848
6	868
6	819
6	886
6	217
6	811
6	665
7	617
2	872
2	967
10	883
7	999
6	639
6	863
7	618
7	687
11	503
10	508
7	68
7	805
6	872
17	885
7	1022
8	393
10	776
4	861
1	1007
7	1007
7	686
6	978
6	734
10	670
6	880
10	883
12	657
6	872
3	455
12	1106
6	768
6	761
7	631
6	739
9	867
7	549
9	584
9	455
9	746
16	886
2	999
20	894
20	207
6	1008
3	907
10	810
6	871
4	998
10	871
1	986
6	807
15	472
7	910
22	972
7	874
6	845
6	894
6	929
3	1199
12	744
1	92
5	784
1	870
7	887
7	996
5	1364
15	213
13	1079
7	853
6	838
7	870
6	812
3	909
6	453
7	865
1	780
3	900
20	1181
10	891
17	773
7	1103
12	976
12	876
12	812
5	843
6	1215
10	149
6	345
6	720
7	932
9	861
10	936
6	866
21	945
7	871
1	870
12	774
4	812
10	900
5	784
10	882
6	52
7	738
6	247
3	726
18	223
7	766
12	583
6	647
6	942
10	888
10	1155
12	864
19	708
1	875
7	964
9	876
5	461
6	999
14	70
7	866
3	913
7	938
5	607
7	798
7	890
1	838
2	1087
10	840
10	300
10	789
10	941
18	679
6	756
10	870
7	847
13	455
7	812
7	1199
6	1032
6	888
9	874
6	993
4	982
1	868
6	860
10	885
6	942
10	869
25	455
7	880
10	775
10	896
7	872
3	935
7	591
12	943
10	872
7	782
10	928
7	1513
4	872
4	883
10	1000
10	939
10	815
7	1003
6	844
10	520
7	894
14	508
9	708
9	726
12	968
12	872
14	446
7	919
6	876
12	935
10	806
7	807
4	969
6	871
10	1215
1	1008
6	881
10	879
7	548
6	876
10	880
1	870
4	1209
7	868
7	955
12	875
6	736
19	767
4	1000
25	538
7	968
7	784
6	816
1	888
2	982
12	770
10	874
20	854
24	344
1	998
7	865
1	870
13	875
16	872
6	40
7	982
6	823
7	1000
1	1000
7	1230
7	873
6	612
15	503
7	878
6	1005
19	1025
6	864
10	880
1	880
6	925
10	213
7	866
7	942
6	942
2	872
7	614
7	938
4	807
1	1011
6	873
6	1040
6	504
7	876
7	870
6	503
6	840
10	904
10	620
2	1090
10	1005
10	993
25	750
7	844
7	880
7	840
6	840
10	1040
11	711
6	456
12	1007
7	875
7	965
10	528
16	975
6	876
7	552
16	874
5	811
1	1103
25	683
15	244
7	980
8	1113
12	874
6	22
7	806
1	942
13	615
15	310
11	920
7	1002
1	873
4	870
9	634
4	888
7	997
6	894
7	875
9	471
6	964
11	1501
25	510
6	552
19	255
6	866
6	997
6	802
7	940
18	541
6	981
6	838
4	869
1	880
7	813
4	805
13	869
4	867
8	842
1	1026
4	1120
10	872
6	880
4	870
4	866
7	1535
7	161
6	871
7	846
6	475
6	773
12	444
10	808
2	998
1	880
19	1066
3	676
10	1000
7	638
1	842
9	855
9	935
12	838
10	870
18	50
1	872
1	871
3	449
7	1026
7	110
10	842
7	999
13	50
10	895
4	812
10	873
4	848
1	1287
7	885
4	870
6	891
10	998
10	997
6	11
6	880
10	698
4	867
13	737
6	1020
6	1008
14	639
6	870
3	70
6	657
16	999
19	1000
7	853
7	970
4	797
4	879
13	878
5	944
6	869
6	942
10	880
10	880
3	967
6	75
7	911
7	867
1	985
4	911
7	1317
6	891
10	870
10	938
7	931
5	552
6	1134
6	766
7	835
7	895
1	876
6	1072
6	844
6	1509
6	705
16	891
6	871
6	21
7	846
15	715
19	512
7	875
7	655
2	872
2	784
6	780
10	1015
7	892
6	1167
6	131
7	934
7	608
7	726
7	866
13	1522
10	864
10	877
7	1010
6	992
6	725
7	1384
7	961
13	726
1	872
7	843
7	871
6	691
14	315
3	999
12	648
25	711
6	1006
10	1000
13	1200
10	1151
12	251
6	895
10	503
7	604
6	524
10	871
6	624
10	910
10	996
8	887
7	996
7	852
20	243
6	809
6	873
7	871
10	840
6	842
6	869
14	98
10	872
7	638
4	805
7	685
7	935
4	861
6	876
5	709
6	877
6	870
6	455
7	871
1	871
7	899
15	472
15	715
15	1449
16	890
7	1259
16	789
8	212
3	409
5	942
6	869
4	807
4	871
13	871
22	1368
7	943
4	871
1	1013
6	995
10	873
10	1040
7	873
4	1030
4	725
10	971
6	335
10	871
7	869
6	463
3	450
6	940
6	886
6	1013
7	124
4	79
3	353
3	793
6	639
6	876
13	927
14	733
4	875
10	35
1	775
10	959
4	836
7	844
1	834
7	865
10	872
7	873
1	895
1	812
1	840
1	845
6	961
14	868
7	854
8	560
7	870
6	873
6	944
4	1002
6	845
1	887
11	453
25	714
13	719
6	877
13	1005
3	847
7	811
7	1004
5	1011
10	968
4	592
1	899
7	115
6	835
10	874
10	878
6	879
14	153
22	1398
26	1029
3	1427
3	1122
3	139
7	862
7	985
4	877
12	887
3	1135
10	940
6	870
7	120
25	895
12	399
7	845
7	655
6	869
6	890
7	867
1	970
5	781
1	1102
12	1050
12	875
6	968
6	82
10	841
10	1014
6	888
7	739
12	71
6	870
6	875
14	256
6	902
7	611
7	940
6	1005
23	692
6	802
10	69
1	865
6	905
6	864
17	894
7	868
7	978
1	840
6	463
6	941
7	597
1	875
1	1135
1	813
6	871
10	869
6	888
14	200
7	847
7	345
12	774
10	805
4	873
19	463
12	887
6	875
21	998
13	371
7	886
7	878
7	887
7	876
8	547
7	886
1	813
10	1136
10	979
7	1263
10	966
1	801
6	852
10	864
1	876
12	362
7	883
6	244
11	504
10	1294
10	1000
6	992
6	867
6	875
1	1031
12	500
7	992
7	884
7	874
19	766
14	1272
13	104
3	358
7	897
4	895
6	744
24	503
6	752
10	1165
14	622
7	874
6	687
6	868
6	806
7	809
7	720
6	932
1	1156
2	879
6	943
6	890
10	843
16	896
5	78
5	213
4	939
12	866
6	943
10	935
10	1056
6	875
18	344
18	632
6	837
10	895
20	1014
1	931
7	874
6	870
7	852
6	463
6	976
10	886
6	815
6	943
13	623
6	503
4	682
7	996
7	18
9	726
6	1002
21	805
6	880
7	896
10	928
10	840
4	866
9	177
9	189
3	808
6	874
7	1011
6	775
10	898
16	1007
7	877
7	878
7	875
7	809
4	809
1	811
5	870
6	588
10	871
19	618
7	999
7	808
7	1456
7	870
4	867
4	866
4	811
1	871
1	880
13	179
9	688
9	157
12	848
16	807
16	118
6	1008
6	1028
6	244
6	873
10	930
10	676
23	612
7	1031
7	515
9	189
9	908
3	998
16	943
16	811
4	879
10	883
4	875
3	777
3	948
12	870
10	953
7	942
7	844
6	806
7	876
7	867
7	944
1	837
5	870
10	993
17	751
10	1372
6	872
6	864
10	961
14	585
1	872
9	898
10	873
17	93
17	898
6	874
26	385
7	808
20	686
7	808
6	871
7	874
7	615
1	870
6	848
25	744
6	472
6	876
15	752
3	191
20	880
13	652
15	511
10	880
6	504
7	876
7	815
6	707
8	1455
12	861
1	614
3	670
6	870
12	344
13	497
6	864
6	807
15	710
6	709
12	996
7	937
7	877
6	872
4	872
4	835
10	879
7	840
12	582
6	613
7	776
3	957
6	717
7	372
7	419
7	863
4	536
4	775
6	803
6	21
6	869
10	865
7	806
7	548
6	913
17	743
6	929
10	614
6	905
10	905
19	744
6	968
6	224
6	512
2	968
12	905
7	890
8	1004
1	811
7	216
13	32
4	937
3	651
2	871
5	855
6	931
6	860
7	646
7	888
10	1006
10	873
7	944
4	791
3	931
12	876
6	982
10	929
7	847
7	807
4	776
6	888
6	860
10	839
10	843
10	209
1	877
12	939
7	988
21	140
10	1390
10	1263
1	870
10	606
4	911
6	852
6	999
12	1224
6	832
7	823
12	871
6	775
21	860
10	981
18	503
14	895
14	733
6	879
7	823
7	850
6	102
6	821
10	1168
7	911
10	887
10	876
7	1008
13	853
16	887
6	777
7	894
24	744
8	842
13	504
12	910
6	944
7	619
7	580
7	554
17	610
12	792
7	896
10	880
13	683
2	775
6	857
6	879
10	435
10	984
10	870
1	877
16	859
6	855
10	934
6	472
6	718
10	854
7	809
7	873
7	867
4	910
9	600
7	809
6	844
6	811
6	504
6	837
10	992
7	880
3	897
6	959
16	1040
6	795
6	880
6	1001
6	718
1	871
7	866
4	867
6	509
10	844
17	815
6	995
7	792
3	827
6	860
6	876
6	843
7	856
10	1022
7	1000
7	781
4	915
6	1006
6	839
2	846
20	839
6	873
6	999
6	812
6	854
10	829
10	878
4	904
6	934
6	998
7	70
7	874
7	938
4	886
7	879
1	846
12	862
6	871
7	610
1	942
7	855
7	862
4	803
7	772
6	808
10	872
7	871
6	996
6	856
10	639
15	195
6	840
24	1036
7	578
7	409
4	156
3	122
3	156
6	937
1	864
16	989
16	905
6	848
9	846
7	855
4	816
21	810
10	802
6	880
6	874
6	894
5	775
10	903
21	1008
10	769
12	1002
6	806
7	870
4	894
4	1030
4	1485
15	247
4	589
1	915
16	892
10	938
4	997
10	619
16	872
6	456
10	880
4	894
16	1016
20	964
4	715
9	711
6	749
7	937
7	875
7	840
7	839
6	894
4	940
1	887
2	875
7	882
7	869
15	248
16	622
24	728
5	838
3	484
6	454
1	860
12	839
7	939
6	871
6	241
10	842
7	871
13	455
6	841
7	871
1	874
6	484
9	718
4	670
6	886
10	892
7	838
1	811
6	454
5	161
6	622
10	479
7	982
10	879
26	621
25	503
9	944
6	766
6	792
10	1008
22	999
14	503
7	1071
21	1386
10	970
10	871
16	852
6	982
7	619
23	555
6	469
7	870
1	891
20	807
7	999
3	871
1	840
7	875
6	1014
6	638
7	619
10	879
14	89
7	911
7	958
4	615
6	843
6	619
6	630
7	216
8	620
12	855
13	620
6	870
6	860
6	875
6	588
15	455
7	686
6	989
6	868
16	775
7	870
6	875
6	870
7	809
7	621
6	866
6	939
15	614
16	910
7	871
10	984
7	1215
3	779
3	797
3	450
10	999
6	993
7	159
6	734
6	1287
3	455
5	875
17	1000
4	67
10	869
4	927
7	876
6	879
6	1004
1	876
12	887
6	807
1	875
3	944
12	604
4	810
10	876
7	89
3	871
12	942
7	605
7	870
6	846
7	927
13	615
24	739
6	732
7	1003
1	1134
4	874
10	1026
7	855
1	870
7	871
7	1031
7	862
4	807
6	879
24	727
6	886
4	1186
6	872
4	345
4	999
4	868
10	878
16	119
6	452
6	199
12	812
1	887
7	874
7	884
2	743
4	865
7	853
7	1135
6	890
20	702
12	365
5	559
10	1028
14	155
7	789
10	805
6	879
10	877
6	935
7	998
6	1104
6	863
10	887
3	872
10	996
6	805
10	871
4	783
7	870
5	78
5	721
10	932
2	823
20	772
6	1003
7	940
8	913
6	670
7	860
6	808
1	805
1	208
6	607
7	1141
6	913
10	997
1	1016
7	848
10	944
7	891
5	896
6	1528
6	1360
20	836
4	874
1	974
10	937
4	901
22	534
4	866
10	877
6	876
6	886
8	877
1	719
10	203
7	939
6	875
10	885
7	866
3	1132
7	803
6	811
13	859
6	970
7	807
8	338
6	740
6	908
7	632
3	431
4	930
3	811
7	858
4	256
7	974
4	984
6	248
13	718
6	808
1	867
7	120
4	999
1	872
4	937
6	611
7	807
7	972
19	1032
1	839
10	869
7	879
7	853
9	666
25	605
7	1142
7	837
4	932
6	877
6	588
4	1016
1	860
16	874
6	449
7	887
16	801
4	912
1	807
13	872
10	804
13	790
1	873
1	961
13	454
23	864
7	858
7	1031
12	1253
12	987
12	812
10	995
4	854
7	865
2	880
7	873
5	840
7	880
6	880
23	886
10	883
6	937
4	876
5	899
6	727
14	250
7	890
1	844
16	1018
22	811
10	811
19	624
6	1006
9	759
6	632
12	872
4	862
6	487
4	874
21	816
1	834
16	870
5	945
3	959
10	1001
6	994
12	766
16	767
13	868
6	853
10	907
6	352
4	880
6	871
20	889
7	890
10	1126
12	872
10	873
6	871
12	869
16	888
16	839
10	1000
7	971
4	872
1	671
16	911
6	246
6	888
10	879
12	854
6	676
22	612
6	486
6	486
3	719
6	871
13	468
10	998
1	875
7	1003
12	1022
5	451
12	987
7	876
10	886
7	221
4	873
10	930
10	981
13	870
4	967
12	878
12	634
16	839
6	455
7	804
1	873
4	588
7	867
7	870
5	873
6	592
6	452
21	880
1	982
7	879
7	932
7	864
6	977
6	772
6	774
1	865
6	911
7	836
1	856
1	810
6	910
6	866
7	874
7	100
2	842
6	847
22	880
10	940
10	875
6	874
10	171
10	405
7	734
7	812
7	806
4	874
1	912
16	1179
7	838
7	931
7	872
11	297
3	432
6	871
24	710
24	552
7	971
4	871
6	1033
24	681
6	938
10	1132
6	639
6	876
6	1011
4	804
10	682
7	984
7	944
4	939
13	856
1	939
12	1003
7	550
6	869
10	780
10	1071
6	857
4	848
13	803
20	968
6	877
6	940
6	838
1	883
13	204
5	921
23	888
1	889
6	909
10	846
6	221
6	870
7	548
6	774
14	866
6	290
10	720
7	1206
5	782
6	843
6	807
2	316
7	872
11	659
7	873
4	878
1	832
6	812
6	869
14	1048
16	897
16	970
7	878
12	236
7	822
16	1080
20	472
8	807
7	862
6	1028
10	1000
7	791
7	823
7	891
4	887
4	906
1	1000
10	955
6	957
7	996
10	1003
6	1232
11	449
1	988
1	856
6	824
25	768
1	876
13	885
7	618
10	792
7	880
6	975
7	874
14	504
6	809
5	29
5	68
7	937
7	880
4	867
1	867
4	877
6	710
1	891
10	869
10	910
7	853
10	906
6	783
6	993
7	942
6	461
10	873
16	680
12	853
7	72
12	940
6	823
4	879
10	878
7	879
2	869
6	866
12	531
6	850
7	870
2	876
10	814
17	932
7	937
22	843
1	880
7	591
20	867
23	855
16	982
2	865
7	775
1	877
12	878
10	933
1	847
6	995
3	106
9	485
7	811
6	793
6	871
6	837
10	911
6	776
10	988
6	886
7	115
6	871
10	848
7	858
9	944
10	871
13	254
10	774
14	1015
7	598
1	806
10	812
7	1389
6	727
10	352
14	701
10	675
10	851
10	870
7	880
4	876
6	1040
10	608
7	900
6	327
7	911
7	127
4	808
6	926
6	620
23	872
12	874
10	934
7	807
6	877
10	1083
3	229
4	24
1	792
6	605
6	937
10	996
24	711
4	874
14	449
13	1010
6	916
8	354
12	643
7	850
4	998
10	871
4	967
1	871
7	940
4	940
10	857
3	682
6	936
14	767
7	871
6	888
6	1003
19	512
7	89
1	807
6	806
3	248
20	839
14	319
7	911
13	780
21	1231
10	845
7	1361
13	869
3	879
7	875
7	830
7	984
4	882
1	789
6	947
6	874
7	650
7	703
25	553
10	871
7	899
12	1007
10	929
20	839
10	908
7	873
6	484
7	90
10	981
2	803
10	836
6	879
10	863
6	971
7	1230
7	800
7	597
6	907
13	361
1	1214
16	1172
6	878
6	898
6	683
6	909
10	1013
3	1007
12	887
26	146
6	876
10	871
16	958
17	890
13	850
7	804
9	874
12	27
10	943
10	910
10	880
10	871
22	874
24	653
7	632
7	872
6	895
6	836
6	907
7	1003
6	528
7	866
1	981
6	470
10	21
10	997
6	519
7	784
10	869
10	867
3	1005
4	617
7	943
7	807
4	1032
4	560
8	1011
1	1013
2	877
6	871
6	968
7	246
7	864
1	981
6	461
7	104
7	1203
4	859
4	871
1	638
6	806
7	136
13	719
13	331
10	1003
19	864
25	615
7	687
7	997
7	870
1	776
6	872
10	870
7	1000
12	969
10	948
10	942
6	871
6	512
10	933
4	848
1	848
25	556
7	880
5	580
6	578
19	469
12	935
7	878
6	775
1	884
16	244
16	998
16	873
10	869
7	874
11	502
5	968
6	835
9	1509
7	941
2	1240
6	886
7	675
5	547
10	982
10	870
14	880
7	873
6	871
16	744
12	920
6	926
7	806
6	937
7	837
12	875
5	982
4	816
1	840
6	816
10	1167
10	871
10	1059
7	944
4	870
4	783
4	790
1	775
3	927
6	875
6	873
10	145
10	590
10	608
10	867
25	1186
6	207
6	937
12	876
13	868
6	879
2	848
1	959
6	815
12	720
7	555
1	841
2	884
2	984
10	868
4	868
14	11
2	875
10	675
4	906
19	223
19	510
10	811
5	831
12	876
10	814
10	143
7	90
10	876
7	926
6	907
6	875
10	876
8	951
1	880
3	605
6	911
6	811
22	1032
10	984
2	886
16	887
20	834
6	24
6	909
6	209
19	716
18	205
25	503
1	803
10	837
10	876
6	985
14	807
4	849
6	611
19	804
23	996
8	456
4	872
6	728
22	871
7	869
7	940
4	939
12	967
12	273
6	875
6	32
6	1026
10	856
11	457
7	871
22	993
3	899
6	840
6	873
21	1333
3	213
7	902
10	967
7	863
7	962
10	33
12	1067
7	869
21	1263
6	780
1	1001
7	880
21	870
10	1007
1	504
5	891
6	511
6	808
5	850
7	616
8	869
10	730
6	429
10	870
6	998
10	876
16	870
6	971
10	792
24	256
24	510
1	1253
6	685
1	599
6	865
3	963
3	872
3	913
12	1130
9	938
6	860
10	878
10	528
10	906
10	879
6	472
6	464
7	869
7	876
3	652
7	1008
10	869
14	605
3	258
12	911
10	877
6	879
7	687
1	938
6	908
6	835
6	998
1	844
6	894
7	24
1	874
6	1022
16	880
7	842
6	879
6	876
5	870
6	1231
10	873
12	984
6	858
10	882
10	665
7	242
7	1023
6	904
8	887
1	619
10	852
9	245
6	866
7	792
7	866
1	859
7	1004
7	994
7	84
6	504
7	773
14	715
1	886
6	842
12	556
4	868
6	973
15	503
12	815
16	837
5	864
8	865
1	886
22	612
7	869
16	518
6	831
6	435
25	1249
4	780
6	504
12	870
4	886
7	864
13	115
1	809
6	846
7	826
6	619
7	806
7	876
7	639
7	888
4	1015
4	982
1	862
3	873
16	998
6	910
6	878
6	875
6	977
6	205
10	1389
10	930
10	705
11	474
25	619
7	968
7	894
13	1140
13	754
3	871
2	1015
2	876
6	828
17	997
7	593
5	844
4	814
13	886
12	877
7	868
10	872
4	887
1	1007
6	820
1	989
14	978
7	963
1	814
2	840
7	940
4	728
2	1513
2	784
7	870
12	345
4	871
7	894
6	887
6	887
6	451
8	1063
7	942
6	886
18	463
1	888
13	504
13	243
6	868
10	796
13	736
10	1000
7	840
24	710
19	736
7	898
6	873
6	814
10	870
10	911
15	763
15	505
1	876
12	880
7	216
7	778
11	255
6	943
6	721
4	895
4	864
1	811
7	865
6	896
22	880
4	937
6	774
3	880
7	932
10	1328
4	879
14	118
7	872
4	964
8	880
1	995
3	867
3	842
12	999
6	864
6	706
6	941
6	974
10	9
10	999
6	866
10	846
23	873
7	999
23	916
4	875
6	842
6	978
12	907
14	1241
4	868
6	808
1	870
3	1078
6	503
7	88
7	965
7	910
1	779
24	511
7	895
1	944
13	511
18	708
7	942
4	965
7	986
4	1029
7	911
7	873
4	1287
10	941
21	775
10	816
3	789
15	710
15	709
10	1007
6	843
21	969
1	853
6	1072
15	743
6	461
6	486
12	1134
4	807
10	630
7	862
7	862
7	621
10	859
7	553
10	873
3	178
12	599
12	606
15	456
7	889
13	141
15	767
7	867
7	776
4	875
7	879
10	838
6	608
20	578
1	1117
20	870
6	873
19	834
10	867
1	878
10	905
7	874
7	875
12	41
6	932
6	823
6	940
12	811
7	998
7	622
6	1001
10	876
4	784
3	887
7	938
6	943
7	880
10	867
7	1000
3	1021
23	969
25	766
25	707
12	880
16	871
10	478
6	503
5	308
5	1140
5	1014
5	992
5	255
15	716
7	875
7	932
4	875
4	880
16	888
10	1003
4	873
6	1508
10	896
7	878
6	731
6	871
7	774
6	1017
3	1050
6	924
10	808
6	935
10	871
16	865
7	844
8	963
5	1028
10	934
7	885
7	816
13	572
5	809
15	708
6	939
7	776
7	559
6	909
10	899
7	875
3	253
6	776
6	811
6	936
7	877
7	871
6	1009
19	701
7	871
13	873
6	884
4	867
7	844
7	877
7	1246
1	551
12	639
10	844
6	880
14	866
16	730
6	616
6	853
6	841
24	750
4	943
1	893
9	1003
7	879
16	871
6	1031
10	1452
10	996
7	1028
7	877
7	833
7	548
6	874
7	870
7	871
4	875
10	869
7	455
1	815
6	870
17	900
6	940
7	857
13	968
6	1405
15	213
18	461
7	844
6	887
6	871
6	866
10	942
22	792
11	520
5	1129
7	711
7	885
7	847
12	874
6	1124
12	954
12	866
6	900
10	1019
17	62
17	759
4	976
1	711
6	923
6	881
10	900
7	609
9	827
6	900
10	959
6	875
10	934
7	847
10	333
7	868
1	878
10	803
7	871
7	870
10	882
10	852
4	844
5	221
5	591
10	873
2	871
6	847
7	871
6	939
10	877
7	976
10	1006
7	839
13	499
10	996
1	912
5	969
1	870
2	912
3	120
6	938
10	876
7	1077
4	857
13	876
2	875
6	867
6	1004
10	1003
10	960
7	1376
6	1007
6	907
17	880
10	939
1	875
10	871
7	856
6	996
11	509
25	502
6	871
12	1001
6	871
1	875
14	675
6	936
7	869
12	876
21	860
6	468
6	999
6	580
3	1360
6	870
7	931
7	836
4	937
10	870
1	899
18	1199
4	880
6	738
6	807
6	874
6	624
7	733
20	712
6	875
4	870
8	912
6	725
7	663
4	627
10	878
10	856
6	632
7	780
6	779
4	541
1	875
3	620
12	1071
5	874
6	875
10	1000
6	880
6	995
6	864
6	911
23	1004
7	876
2	1384
10	855
7	1381
6	1011
19	127
8	558
7	890
6	908
7	823
7	791
13	840
3	792
22	853
4	540
20	487
7	980
7	793
3	1008
6	115
6	836
7	846
4	872
6	871
10	843
12	323
7	844
7	826
12	848
6	998
10	976
6	961
7	1252
10	865
3	497
10	961
7	774
6	906
10	867
7	1016
7	1022
7	936
16	908
7	879
6	881
20	751
20	74
18	708
7	870
3	1280
10	871
7	966
6	1021
21	995
6	879
4	163
7	874
1	995
12	875
6	902
7	1018
6	972
14	383
10	938
6	864
4	949
10	999
15	463
15	454
7	876
4	981
3	911
6	870
7	1267
1	872
13	1016
9	800
10	868
10	1004
10	783
10	873
6	864
12	931
6	598
10	870
7	984
7	683
1	865
6	876
4	895
10	866
12	974
7	875
7	590
7	1380
13	507
1	872
15	718
7	682
10	1008
10	995
10	875
6	728
7	995
7	876
1	1016
10	499
4	1040
10	897
11	510
6	887
10	123
7	999
6	869
8	735
12	938
14	277
6	909
6	929
7	930
7	917
6	1006
10	874
6	717
4	792
10	782
13	461
10	806
6	82
10	838
7	840
2	1015
18	486
6	856
4	907
17	766
16	997
6	896
6	456
7	1031
15	516
15	768
15	709
7	801
1	880
10	943
1	857
10	817
10	910
10	871
7	864
10	778
6	875
7	871
7	1126
7	925
9	891
6	854
7	526
6	883
5	955
7	909
1	905
6	598
4	876
10	584
6	861
6	1407
4	867
4	792
6	784
7	791
4	1135
4	846
6	940
7	870
4	5
16	894
6	868
1	800
7	687
1	705
3	832
7	931
1	866
6	866
6	860
6	454
6	942
7	776
12	942
11	744
7	874
17	736
4	842
4	870
12	944
4	375
14	187
12	870
6	897
7	870
3	824
9	510
9	871
16	814
4	880
1	870
7	865
4	832
1	807
6	905
15	640
1	876
6	604
26	1131
6	857
6	473
12	1067
12	774
6	943
17	624
12	807
6	449
10	879
7	854
7	1185
7	803
6	618
6	939
23	931
7	871
12	507
16	614
6	971
7	1000
4	873
13	843
3	960
7	1019
12	885
6	1513
6	1019
7	611
4	888
10	937
10	875
6	879
7	682
8	721
16	859
4	896
6	874
11	719
9	805
6	776
10	911
3	158
7	775
7	776
2	864
8	870
6	847
7	873
7	866
7	909
7	868
4	856
4	895
16	999
6	999
22	940
7	910
7	854
5	549
3	83
6	870
7	1001
7	868
4	1000
8	864
1	864
9	843
3	878
16	1000
2	853
6	864
11	1072
19	214
13	497
7	896
7	903
7	614
13	972
7	726
12	207
6	602
6	874
6	1001
4	876
3	216
7	949
6	1004
16	768
7	871
7	679
13	352
3	880
14	501
5	1024
14	194
7	1392
6	1008
10	861
10	877
3	451
7	560
7	984
15	683
16	871
7	935
6	874
10	876
10	867
7	865
20	711
1	867
6	931
6	658
10	855
6	894
8	881
7	854
2	1048
5	880
6	873
7	832
4	20
7	912
7	876
1	1000
1	806
4	873
7	1102
21	944
10	912
6	869
7	944
5	879
3	769
1	865
24	719
10	838
10	552
7	839
1	880
7	596
6	455
4	876
10	871
7	937
10	602
16	867
1	869
6	879
10	1031
13	473
12	869
19	640
7	879
7	922
7	886
6	872
10	1008
23	766
3	865
7	875
1	853
13	860
19	874
25	674
3	1002
2	873
12	874
4	587
6	938
23	837
7	875
20	1003
20	504
4	855
6	754
10	35
8	1339
6	596
7	791
1	639
16	871
7	1110
7	683
12	805
3	872
3	879
5	734
10	869
25	623
7	874
4	994
3	259
6	855
6	608
6	870
6	865
1	932
3	853
6	865
6	782
10	816
10	872
1	713
16	891
4	812
13	886
6	869
7	613
6	710
16	809
6	809
7	839
1	835
6	78
6	935
7	1003
7	813
6	27
6	941
12	780
6	930
6	1058
4	1015
13	1001
6	880
7	707
7	793
7	1006
12	895
20	848
6	867
6	1069
12	880
19	555
4	779
1	886
6	834
17	205
10	936
7	588
7	867
4	878
1	871
6	996
6	819
6	869
6	503
6	123
24	755
7	906
16	967
6	833
1	873
12	1021
2	11
6	683
6	729
6	778
10	194
13	872
7	990
4	876
10	616
7	847
7	871
10	878
4	887
6	1007
7	959
7	1022
6	982
10	967
10	882
3	878
6	875
6	768
7	81
6	997
6	321
6	488
21	780
10	199
10	849
16	1024
1	872
7	947
7	1113
8	874
7	879
7	132
7	68
7	983
24	734
10	879
10	872
10	1032
7	1442
4	809
12	810
7	867
1	1031
9	874
6	857
10	865
6	936
4	874
9	789
13	455
10	853
6	893
10	875
12	846
21	1015
16	340
25	515
3	879
10	682
13	870
10	805
3	877
6	882
6	1015
4	999
10	1013
7	634
24	716
13	873
6	867
7	683
7	871
5	969
4	846
6	1000
10	875
7	865
6	846
12	870
2	988
5	802
6	512
2	874
4	78
1	721
1	803
4	942
23	631
7	939
2	850
7	891
12	868
2	869
25	709
10	875
7	995
7	805
6	726
14	880
14	878
14	869
7	895
7	885
7	720
7	909
7	836
7	711
7	1011
4	972
4	867
4	1002
4	931
4	866
4	865
4	893
4	869
1	879
1	837
1	856
1	935
1	929
1	870
1	1007
13	852
13	838
9	836
3	311
3	342
3	206
3	835
3	941
12	875
12	642
16	837
16	602
16	892
16	464
16	1006
16	910
16	780
2	793
5	948
5	846
6	908
6	929
6	797
6	876
6	772
6	879
6	871
6	845
6	832
6	875
6	827
6	1007
10	840
10	1445
10	835
10	811
10	839
10	193
10	860
10	246
10	780
10	880
10	973
10	872
10	862
22	1008
17	842
17	1000
15	201
19	1229
23	940
6	807
6	886
10	824
10	1382
7	680
15	237
7	870
13	998
7	860
10	811
1	875
6	876
1	842
12	876
7	675
3	409
5	610
6	875
6	767
7	1013
6	931
6	726
6	878
15	705
3	559
3	195
16	987
6	1032
7	871
4	789
6	880
7	875
7	875
4	906
1	806
12	807
6	878
7	779
5	460
6	861
10	836
7	812
12	767
6	858
6	583
6	708
5	974
6	905
6	854
1	1040
7	9
4	880
1	1030
3	848
9	810
13	997
6	981
6	915
4	803
23	1390
7	623
4	879
14	503
6	876
4	870
9	867
12	865
1	805
7	997
7	872
6	812
1	874
3	800
7	878
6	878
1	880
7	912
6	847
7	842
15	760
10	873
8	121
1	870
16	887
6	502
10	822
13	711
13	767
10	1032
1	871
7	598
1	955
11	715
10	876
7	681
23	618
13	232
13	498
7	590
4	867
4	869
22	782
7	778
5	639
4	1021
1	868
5	1005
7	781
12	839
6	980
16	877
18	740
4	878
16	759
22	968
7	990
6	880
10	895
4	874
3	1003
10	1392
1	895
18	739
25	744
7	811
6	470
1	775
12	956
6	870
7	964
5	993
6	982
10	840
20	21
4	807
4	811
12	1031
10	891
20	725
6	804
15	768
7	858
7	903
7	880
14	5
16	656
15	255
14	1214
12	897
12	427
6	860
6	869
6	984
10	230
3	815
10	844
7	214
7	483
7	941
3	870
6	509
6	882
6	874
10	938
6	582
6	873
19	737
7	816
6	870
4	847
9	712
10	892
10	844
25	655
7	676
7	967
6	808
7	875
6	894
6	1002
10	987
10	240
7	981
10	989
7	73
4	803
1	852
13	770
3	844
12	1069
12	709
12	970
16	888
16	865
20	913
20	944
6	905
6	871
6	327
7	1015
7	89
6	737
7	839
4	1231
10	596
6	895
6	873
10	895
7	871
4	971
3	1510
5	1130
7	617
7	939
12	876
13	503
1	867
3	148
3	844
6	862
10	989
23	870
7	854
1	1004
10	1017
7	879
7	516
10	805
14	776
7	880
2	962
7	812
20	1134
12	911
6	711
7	874
13	726
16	871
5	944
6	937
1	1408
10	931
7	784
3	1382
10	858
10	973
19	611
7	847
1	872
18	767
7	862
12	1458
6	454
1	1005
20	848
7	1014
21	911
6	205
1	877
13	842
6	807
6	875
10	880
4	880
6	1103
4	870
1	875
9	882
6	856
10	578
6	841
6	1128
10	880
4	107
6	997
3	187
4	879
10	1065
7	941
12	867
23	873
7	927
12	989
4	908
6	871
7	1167
16	996
7	998
7	900
1	885
1	995
13	921
6	943
6	766
10	899
10	1380
10	635
21	455
13	871
6	663
4	868
4	995
14	867
6	614
10	870
14	533
1	907
9	872
6	869
6	777
7	799
10	900
4	776
6	508
4	816
7	204
9	957
5	976
5	1020
10	865
4	809
1	805
1	910
6	28
6	963
6	869
10	872
7	877
1	880
10	802
10	807
10	771
3	1386
6	871
10	1101
6	858
7	956
7	871
4	871
1	1359
1	887
6	870
9	708
7	869
6	1520
7	874
6	907
3	1117
6	484
12	1211
7	854
6	847
10	939
7	875
3	875
1	875
7	865
3	880
10	873
10	581
7	878
7	875
3	745
24	768
3	348
16	503
6	1018
10	879
6	886
10	519
17	875
12	868
16	899
15	458
6	894
10	851
1	911
16	602
6	867
10	864
4	1003
6	869
6	988
6	972
7	1016
4	893
6	913
12	875
6	877
7	986
4	874
1	876
13	727
16	849
16	198
6	870
6	942
10	1198
10	897
23	1408
7	939
4	1013
4	871
12	875
12	127
16	846
6	871
6	869
6	789
6	1071
6	932
6	875
11	213
6	813
6	507
23	757
10	831
6	870
6	866
12	802
25	1187
14	1194
7	871
1	580
4	891
14	382
7	835
7	809
7	868
6	811
7	941
6	1008
7	939
6	941
6	1002
7	665
8	502
6	875
6	451
1	872
6	855
7	808
4	982
6	619
6	883
10	929
4	876
7	926
1	870
7	870
5	992
10	1266
2	435
2	384
2	207
2	1138
6	782
4	870
6	464
10	1318
2	873
21	776
10	800
8	440
10	873
6	812
6	1456
7	919
4	939
7	95
4	944
4	837
3	691
6	940
10	872
25	728
17	861
7	142
7	806
5	743
8	213
12	51
7	855
22	813
10	984
4	871
1	870
16	874
2	1018
10	840
10	912
21	879
1	880
6	867
2	869
6	472
6	804
7	874
7	871
1	1005
7	617
7	879
9	180
6	1232
10	857
6	863
14	895
4	888
7	843
7	984
7	859
10	872
5	1004
6	466
6	855
7	854
5	869
7	683
7	1007
4	996
17	840
4	1000
5	856
6	254
6	224
7	872
1	839
10	810
4	1007
6	939
6	872
10	877
18	766
7	871
7	865
4	945
7	1013
12	1003
6	808
7	887
7	553
4	857
5	775
12	981
6	872
4	834
19	750
3	842
12	432
10	371
1	911
6	740
7	349
10	937
7	812
10	793
6	23
10	480
10	808
10	855
14	469
7	872
4	811
10	874
17	870
1	1056
6	772
10	900
6	816
6	867
6	875
7	784
7	868
3	964
12	815
6	876
13	720
7	1199
1	847
12	877
7	863
10	872
7	836
7	766
4	838
10	993
10	897
3	652
6	838
1	893
10	877
3	435
6	888
6	707
10	895
7	742
6	875
4	869
10	888
10	846
10	908
7	876
1	873
7	545
7	737
1	910
16	875
3	319
12	469
9	1030
10	1381
1	871
18	224
2	193
19	512
13	938
10	976
13	824
10	625
6	875
1	812
1	999
10	600
6	602
7	880
7	1095
1	1021
2	864
6	500
6	837
16	869
4	812
1	488
4	844
6	907
10	847
6	996
6	867
12	252
23	474
7	783
16	863
10	1009
4	972
1	876
13	775
3	874
16	845
6	1000
6	864
10	821
10	961
7	1001
6	875
10	872
1	877
10	775
4	596
10	807
20	790
7	842
6	789
6	873
6	988
13	775
5	1360
25	656
6	709
6	508
6	791
7	876
7	776
7	813
7	878
7	877
4	1271
4	971
1	859
3	971
5	851
6	851
6	864
6	984
10	1014
25	449
12	886
9	718
12	1104
16	1000
10	880
10	872
7	880
6	966
6	1026
7	758
6	943
7	844
10	907
6	455
1	895
1	814
6	455
7	865
16	874
1	1003
10	911
14	512
18	719
7	1004
11	128
11	728
11	719
7	870
12	858
6	870
21	804
10	880
4	597
1	718
1	874
6	512
3	178
16	1446
6	604
6	870
4	614
7	868
6	814
1	853
6	877
10	981
5	875
6	984
6	816
10	71
25	675
13	909
5	879
7	872
13	940
6	504
6	999
10	205
15	449
16	899
6	875
7	911
7	876
4	873
6	875
6	872
12	870
6	857
15	451
7	909
9	1211
10	1015
7	879
1	243
7	944
6	1001
7	888
16	877
7	810
8	873
6	877
7	993
6	871
7	858
13	808
23	614
10	871
10	1516
9	1088
13	213
10	877
20	1006
7	995
4	808
2	868
10	864
7	621
16	997
10	808
5	887
7	871
6	976
4	931
13	834
7	548
4	955
10	872
10	888
12	383
3	1324
22	893
10	827
7	944
7	871
10	1133
6	865
7	967
4	879
4	997
3	788
2	880
10	879
10	890
7	968
7	965
8	712
10	243
5	327
17	976
7	872
7	1016
15	734
6	872
7	807
7	869
1	807
4	872
6	886
6	812
7	1007
6	1000
1	869
6	875
10	1103
4	900
6	874
2	876
6	1450
1	876
6	899
10	859
6	939
6	905
7	877
4	999
3	68
3	29
6	856
6	1478
6	808
6	503
7	943
6	477
20	850
7	879
3	690
7	942
7	879
2	874
10	814
1	869
7	879
1	777
10	872
10	976
12	839
10	1153
1	835
7	315
6	579
6	877
7	805
12	810
10	848
7	595
1	998
6	216
10	878
5	1087
6	743
6	631
6	936
7	896
6	875
6	809
6	865
4	840
2	944
6	592
7	812
7	971
7	665
7	944
13	889
6	871
7	665
16	1018
6	110
1	910
6	876
6	944
6	834
2	812
6	511
9	875
6	951
10	859
10	875
10	1423
10	935
7	876
10	22
8	775
6	892
10	929
5	869
5	969
6	836
6	983
5	825
13	984
6	812
10	872
4	781
6	873
7	876
17	758
6	887
6	880
7	686
6	870
1	912
6	462
7	870
6	813
1	776
6	848
3	869
14	808
5	632
10	128
7	1023
6	776
15	759
6	461
10	840
1	802
16	1509
6	1005
6	871
5	700
6	449
10	847
4	996
1	880
12	907
5	880
6	500
15	736
12	297
6	886
16	255
13	711
13	453
13	762
6	858
6	627
6	465
7	996
5	550
5	743
6	1016
13	741
1	1384
1	1040
12	824
11	1059
17	876
4	874
12	791
7	870
6	1021
6	883
16	871
7	82
23	778
23	797
10	877
20	712
17	874
20	847
3	719
2	1003
6	912
6	1230
10	846
4	836
6	862
7	982
4	872
4	907
3	263
5	878
5	867
7	614
6	845
4	614
18	461
6	960
7	567
7	944
12	469
3	861
2	871
7	935
7	655
4	874
4	871
12	871
6	450
10	931
1	874
1	1497
6	881
6	880
4	614
1	862
6	858
10	618
1	848
6	82
7	838
9	869
9	557
7	816
6	718
3	205
6	972
21	896
10	784
6	840
1	871
7	868
7	175
6	877
7	942
1	972
6	839
7	878
22	868
1	878
12	938
10	875
7	1071
1	844
