3071	0.0011582871
3070	0.0005500541
3069	0.0007758937
3066	0.0003014720
3065	0.0004151851
3064	0.0002348308
3063	0.0006600650
3051	0.0002750271
3036	0.0006092907
3027	0.0004955776
3025	0.0003490728
3004	0.0002279551
2958	0.0003115210
2939	0.0004532658
2927	0.0005442363
2654	0.0001829988
2634	0.0001396291
2507	0.0001740075
1801	0.0002898362
1481	0.0001708341
127	0.0004580258
1648	0.0001819410
71	0.0003337348
2915	0.0003813356
2266	0.0001100108
1387	0.0004701905
1178	0.0000862104
1932	0.0003400815
512	0.0004548525
1363	0.0003141655
722	0.0000962595
2067	0.0003083477
1109	0.0007446887
517	0.0003977314
463	0.0004421589
458	0.0003242146
1785	0.0003998470
1250	0.0002676225
2994	0.0003067610
2932	0.0002099726
2754	0.0002131460
2203	0.0005156757
2154	0.0002782005
1969	0.0005008666
1810	0.0000714013
1638	0.0003379660
1630	0.0002321863
1597	0.0001972790
1244	0.0004939909
728	0.0002856050
742	0.0002194928
350	0.0001956923
29	0.0002041547
153	0.0005579876
58	0.0003501306
2387	0.0003453705
101	0.0002787294
1546	0.0004262920
340	0.0006246288
311	0.0003242146
917	0.0001391002
825	0.0002464666
2976	0.0003501306
2699	0.0001681896
2510	0.0002871917
2460	0.0004098961
2425	0.0004633148
1172	0.0001110686
2458	0.0001084241
1259	0.0002464666
495	0.0000936150
1703	0.0000550054
1322	0.0004109539
2086	0.0002036258
1816	0.0002782005
2441	0.0001703052
834	0.0001322246
285	0.0002041547
2414	0.0006441980
1216	0.0003353215
2864	0.0003480150
2285	0.0000671701
2274	0.0000655834
2194	0.0002279551
1135	0.0004860574
2002	0.0000872682
2907	0.0004770662
2676	0.0002099726
2359	0.0005775568
2134	0.0003014720
2114	0.0004775951
2088	0.0000952017
1354	0.0001428025
1203	0.0004310520
1068	0.0002945963
96	0.0001036640
1667	0.0003369082
486	0.0002194928
569	0.0002893073
8	0.0003416682
2045	0.0006780475
1375	0.0005093290
943	0.0005331294
1887	0.0004601414
686	0.0001803543
1760	0.0000571210
1396	0.0002200217
2033	0.0003903269
391	0.0000830370
180	0.0000645256
2394	0.0001798254
2237	0.0004522080
1688	0.0005516408
1585	0.0002898362
1877	0.0003866246
246	0.0006251577
2705	0.0003305614
690	0.0007282928
2227	0.0004167718
1168	0.0003215701
536	0.0003511884
61	0.0001935767
1767	0.0001396291
1653	0.0004522080
1266	0.0004257631
1458	0.0003030587
444	0.0002432932
1336	0.0002089148
508	0.0003480150
558	0.0000735169
39	0.0001338112
1554	0.0000714013
1089	0.0002268973
12	0.0003247435
2168	0.0001422736
573	0.0001935767
2710	0.0000777480
1084	0.0002676225
2350	0.0001798254
638	0.0007150704
875	0.0004701905
1	0.0002919518
2937	0.0004633148
2479	0.0004284075
2419	0.0004543236
2146	0.0001041929
1580	0.0000449563
2845	0.0001925189
1522	0.0004257631
661	0.0002702670
136	0.0003099343
116	0.0001904034
1197	0.0004003759
506	0.0003263302
2910	0.0001829988
2808	0.0002348308
2727	0.0001047218
2719	0.0004458612
2482	0.0003067610
2690	0.0002845472
1935	0.0003310903
581	0.0004664882
308	0.0001851144
1517	0.0003860957
678	0.0001740075
1975	0.0001084241
1991	0.0004003759
1973	0.0002041547
927	0.0004585547
2302	0.0007288217
301	0.0000454852
1758	0.0001385713
51	0.0004173007
1822	0.0000597655
456	0.0002263684
2745	0.0002898362
1033	0.0001544383
652	0.0003675843
2736	0.0002337730
2258	0.0000872682
2400	0.0003771044
2034	0.0004897597
2029	0.0000671701
1539	0.0004009048
2349	0.0001681896
796	0.0002459377
3044	0.0004347543
2723	0.0002951252
2518	0.0001158287
2376	0.0001978079
2343	0.0003607086
2108	0.0001549672
1541	0.0004384566
844	0.0002364175
366	0.0001745364
775	0.0002305996
272	0.0003760466
20	0.0005447652
3057	0.0005024533
3054	0.0004643726
3047	0.0003892691
3030	0.0001158287
2576	0.0003485439
2565	0.0001893456
2522	0.0000687568
2308	0.0002945963
2158	0.0002062703
2415	0.0005442363
2093	0.0000327917
2081	0.0000740457
2075	0.0002988275
1983	0.0005125024
1981	0.0004522080
1754	0.0001100108
1743	0.0005569298
1383	0.0005082712
1011	0.0007801249
888	0.0001803543
1627	0.0004056649
1161	0.0001734786
1019	0.0004955776
468	0.0005585165
1927	0.0000719302
700	0.0002432932
2853	0.0002940674
78	0.0006293889
1380	0.0005257248
990	0.0000698146
413	0.0005162046
294	0.0001755942
2316	0.0002982986
349	0.0004701905
1614	0.0008123876
764	0.0003480150
2218	0.0003728732
1442	0.0004527369
606	0.0001956923
1855	0.0003094054
1414	0.0000476008
137	0.0003194545
666	0.0003157522
432	0.0002475244
1074	0.0002982986
1063	0.0003866246
860	0.0004162429
1776	0.0002083859
1567	0.0004627859
708	0.0003570063
2988	0.0003972026
2882	0.0001512649
2814	0.0005500541
2796	0.0004326387
2589	0.0001925189
2583	0.0005410629
2362	0.0001671318
1601	0.0003670554
2142	0.0002321863
1834	0.0001205888
1656	0.0001422736
710	0.0005849614
856	0.0003929714
323	0.0003395526
2733	0.0003400815
2467	0.0002951252
1664	0.0004183585
112	0.0001983368
545	0.0000756324
191	0.0004479768
2326	0.0001057796
1684	0.0001993946
756	0.0002491111
588	0.0003781622
187	0.0003691709
262	0.0005585165
2686	0.0005066845
2590	0.0000312050
2436	0.0000534187
2383	0.0002496400
1944	0.0005516408
1305	0.0002491111
1283	0.0004220608
961	0.0002131460
2099	0.0003527751
212	0.0005585165
1331	0.0005463518
542	0.0000676990
1662	0.0007103103
2476	0.0003972026
574	0.0002829605
170	0.0003622953
2250	0.0003490728
2116	0.0003665265
1921	0.0003977314
660	0.0002173772
977	0.0003104632
26	0.0001311668
2944	0.0002845472
2820	0.0002945963
2765	0.0003030587
2299	0.0004003759
1901	0.0001835277
1229	0.0002961830
566	0.0005225514
526	0.0003173389
359	0.0001232333
604	0.0005130313
108	0.0001052507
2608	0.0003480150
1001	0.0002030969
2614	0.0003258013
1182	0.0000756324
232	0.0000497164
1338	0.0002469955
477	0.0004500924
2623	0.0006161664
225	0.0000925572
1447	0.0001348690
207	0.0004421589
330	0.0006082329
142	0.0006695851
2989	0.0003400815
2971	0.0003659976
2833	0.0002935385
2774	0.0001158287
2763	0.0001740075
2321	0.0002935385
1988	0.0003337348
1857	0.0003670554
1510	0.0004194163
360	0.0001666029
48	0.0002305996
1579	0.0000904416
1574	0.0002036258
1076	0.0002411776
766	0.0006024151
449	0.0002787294
659	0.0005220225
1141	0.0005548142
682	0.0003622953
353	0.0001417447
984	0.0003067610
375	0.0003924425
2409	0.0007055502
1155	0.0002538711
2281	0.0001015485
2200	0.0005516408
2056	0.0002602179
1557	0.0003850379
1486	0.0002871917
1485	0.0002961830
1313	0.0002850761
788	0.0004268209
501	0.0004675460
128	0.0004479768
2650	0.0001798254
1843	0.0003527751
1617	0.0002861339
490	0.0000994329
278	0.0001819410
155	0.0005072134
2712	0.0003199834
2626	0.0001512649
1913	0.0005363028
1112	0.0003929714
387	0.0003443127
1294	0.0001560250
626	0.0005400051
461	0.0003353215
1562	0.0000835659
257	0.0002919518
1426	0.0000740457
1358	0.0001877589
1156	0.0000476008
951	0.0000883260
782	0.0001560250
809	0.0003215701
85	0.0004770662
425	0.0002618046
3015	0.0002242528
2876	0.0002792583
2847	0.0002559867
736	0.0000925572
781	0.0001644873
539	0.0003575352
2865	0.0003792200
1950	0.0001761231
1698	0.0001882878
520	0.0003416682
2782	0.0000978462
2037	0.0005103868
3062	0.0004887019
3021	0.0003030587
3003	0.0003919136
2893	0.0001888167
2886	0.0002046836
2827	0.0002009813
2801	0.0005024533
2792	0.0002845472
2683	0.0004532658
2642	0.0001269356
2550	0.0004887019
2455	0.0001401580
2354	0.0002554578
1193	0.0003374371
872	0.0004823552
532	0.0005447652
57	0.0002893073
1146	0.0002856050
395	0.0002702670
55	0.0003242146
1890	0.0001041929
1681	0.0004347543
2453	0.0001787676
2295	0.0005727968
1550	0.0003379660
1882	0.0002633913
1454	0.0005690945
1421	0.0002274262
988	0.0004939909
584	0.0003945581
175	0.0001047218
89	0.0005606321
35	0.0001057796
665	0.0005579876
2758	0.0001888167
1476	0.0002496400
2533	0.0003654687
1207	0.0000883260
3007	0.0005389473
2670	0.0006441980
2641	0.0003485439
1584	0.0002057414
930	0.0004527369
904	0.0003850379
2972	0.0004098961
1675	0.0003284458
649	0.0003194545
648	0.0003099343
2150	0.0003379660
1318	0.0004294653
2245	0.0003617664
2006	0.0002496400
1764	0.0001100108
642	0.0007499777
2130	0.0001290512
1028	0.0002094437
1908	0.0001581406
1589	0.0003316192
198	0.0005849614
1098	0.0001428025
1718	0.0002670936
1059	0.0004675460
2019	0.0000608233
913	0.0002866628
2673	0.0003903269
2665	0.0007055502
2183	0.0000719302
1984	0.0003014720
1819	0.0002988275
1570	0.0000740457
1459	0.0004310520
202	0.0003242146
2468	0.0001052507
361	0.0003654687
776	0.0002406487
184	0.0001777098
2543	0.0005003377
2062	0.0003379660
2041	0.0003998470
1671	0.0000719302
1467	0.0003252724
1463	0.0000883260
1269	0.0004490346
181	0.0001475626
412	0.0004754795
307	0.0004173007
830	0.0002697381
154	0.0003157522
1101	0.0002549289
704	0.0003395526
326	0.0007494488
1462	0.0000661123
1165	0.0002274262
681	0.0002618046
335	0.0003453705
1029	0.0001703052
2953	0.0001703052
2936	0.0001533805
2919	0.0004844708
2815	0.0011582871
2791	0.0003892691
2751	0.0005389473
2715	0.0003659976
2137	0.0004680749
1976	0.0001697763
1898	0.0002782005
1044	0.0004268209
1751	0.0007785382
1350	0.0001798254
554	0.0001401580
91	0.0004992799
1240	0.0003067610
481	0.0000925572
467	0.0003659976
2121	0.0004596125
474	0.0001179443
867	0.0003871535
817	0.0003094054
563	0.0004173007
229	0.0001428025
673	0.0001623717
68	0.0004379277
2059	0.0002755560
315	0.0002956541
5	0.0003977314
2694	0.0000994329
2105	0.0002427643
2657	0.0004040782
1957	0.0001697763
1867	0.0003347926
552	0.0001290512
2505	0.0001470337
1623	0.0003913847
74	0.0006082329
890	0.0002856050
440	0.0001777098
1926	0.0002575734
1289	0.0001544383
2525	0.0006325623
2024	0.0000856815
1282	0.0002200217
299	0.0001089530
1694	0.0001761231
841	0.0002380042
2911	0.0006706429
2514	0.0000639967
1827	0.0000729880
2366	0.0002147327
1947	0.0005156757
2501	0.0001454470
1347	0.0002078570
1504	0.0003131077
222	0.0001279934
25	0.0003458994
2418	0.0003458994
2270	0.0001385713
2648	0.0004474479
1730	0.0003342637
1644	0.0001063085
1253	0.0002787294
928	0.0004416300
305	0.0002893073
1526	0.0004945198
217	0.0003109921
281	0.0003458994
158	0.0001697763
1316	0.0003543618
46	0.0000735169
2769	0.0003490728
2630	0.0002046836
2180	0.0000666412
1851	0.0002840183
2373	0.0001465048
36	0.0001063085
2263	0.0007785382
1418	0.0001978079
1943	0.0001909323
1655	0.0003501306
1368	0.0003929714
748	0.0000925572
472	0.0002856050
317	0.0001935767
1791	0.0008457082
1428	0.0001110686
1254	0.0004194163
711	0.0003691709
132	0.0000761613
1642	0.0002782005
892	0.0002713248
546	0.0000883260
2071	0.0005902504
537	0.0003458994
3050	0.0003199834
3048	0.0002845472
3032	0.0003432549
2961	0.0003305614
2857	0.0002988275
2806	0.0004887019
2571	0.0002009813
2569	0.0001576117
2446	0.0003115210
2279	0.0001396291
1833	0.0000999618
1186	0.0004527369
1125	0.0007044924
1018	0.0003469572
1007	0.0005548142
1443	0.0003448416
741	0.0001428025
998	0.0004194163
1789	0.0006780475
2984	0.0003691709
2573	0.0001824699
2240	0.0003014720
2076	0.0002850761
1545	0.0002898362
529	0.0002808449
1838	0.0000428408
1773	0.0000671701
1058	0.0003802778
987	0.0003295036
2860	0.0002078570
1150	0.0003527751
2979	0.0002951252
2580	0.0004633148
2553	0.0004151851
2390	0.0002565156
2125	0.0005257248
2119	0.0003416682
1535	0.0011889632
1335	0.0005225514
908	0.0003564774
284	0.0002792583
2351	0.0002258395
1340	0.0002676225
903	0.0000460141
289	0.0000756324
247	0.0004569680
165	0.0001819410
845	0.0002549289
729	0.0003109921
808	0.0004696616
2	0.0004321098
1847	0.0004247053
1231	0.0005421207
1249	0.0002406487
147	0.0005220225
973	0.0002961830
1142	0.0003987892
1046	0.0001443892
2960	0.0003686420
2601	0.0002988275
2599	0.0003607086
2095	0.0000481297
1291	0.0002142038
319	0.0002956541
1179	0.0002554578
1052	0.0002459377
1922	0.0006738163
735	0.0006156375
1493	0.0005759701
2948	0.0000534187
2397	0.0006590072
2629	0.0001465048
974	0.0002871917
2949	0.0000581788
2103	0.0004247053
1715	0.0004167718
1668	0.0000666412
1271	0.0005526986
344	0.0005156757
1613	0.0005257248
636	0.0002544000
1710	0.0002025680
1406	0.0003527751
2224	0.0002316574
1104	0.0002956541
2837	0.0004083094
2421	0.0005542853
1133	0.0004812974
209	0.0002903651
1905	0.0004114828
1118	0.0001131842
2428	0.0002681514
2207	0.0004881730
1575	0.0001576117
117	0.0004892308
600	0.0005156757
80	0.0003760466
2532	0.0004347543
2472	0.0003691709
383	0.0004580258
1873	0.0002861339
1721	0.0004887019
2497	0.0002189639
2179	0.0003369082
336	0.0003760466
1301	0.0004173007
457	0.0002707959
821	0.0003157522
696	0.0001777098
2172	0.0002237239
1431	0.0001221755
1489	0.0003104632
92	0.0005130313
1212	0.0002549289
2787	0.0002686803
2433	0.0001655451
2253	0.0004157140
1805	0.0002189639
1477	0.0002046836
1164	0.0003564774
2922	0.0007632001
1727	0.0005125024
2824	0.0002247817
505	0.0003236857
2739	0.0004157140
670	0.0001697763
2178	0.0006738163
1094	0.0001798254
995	0.0003236857
419	0.0001004907
1225	0.0001708341
837	0.0002639202
2909	0.0006590072
2015	0.0006616517
290	0.0000883260
149	0.0002702670
712	0.0002263684
625	0.0004009048
2560	0.0004839419
2289	0.0003903269
406	0.0002147327
210	0.0000962595
2312	0.0002247817
19	0.0003686420
2930	0.0003458994
2920	0.0004998088
2730	0.0005786146
2702	0.0003115210
2593	0.0002977697
1030	0.0001681896
763	0.0003189256
365	0.0001607851
2038	0.0007230038
2021	0.0001819410
1895	0.0001369846
1880	0.0004611992
570	0.0003501306
2332	0.0002343019
2048	0.0004522080
1998	0.0005315427
1367	0.0005251959
1159	0.0000460141
1070	0.0002194928
883	0.0004400433
271	0.0002845472
252	0.0003480150
655	0.0003310903
421	0.0001819410
2871	0.0005775568
2867	0.0005341872
1024	0.0004633148
491	0.0000639967
2463	0.0004458612
1863	0.0003416682
2493	0.0004252342
1514	0.0002670936
105	0.0003654687
13	0.0002046836
1647	0.0001301090
840	0.0001893456
2777	0.0003131077
2380	0.0002819027
597	0.0004770662
1411	0.0002538711
111	0.0000893838
1480	0.0002115593
408	0.0005489963
242	0.0004046071
1588	0.0002105015
559	0.0000772191
443	0.0003691709
32	0.0000952017
3026	0.0000639967
3024	0.0004125406
3016	0.0002110304
2897	0.0003485439
2825	0.0001576117
2800	0.0004294653
2307	0.0004194163
2234	0.0007827693
1861	0.0004606703
1795	0.0004009048
1689	0.0004934620
846	0.0001877589
580	0.0004379277
2523	0.0004257631
1257	0.0002030969
31	0.0002898362
2706	0.0000925572
1303	0.0004384566
1296	0.0003332059
2161	0.0004114828
1553	0.0002142038
2133	0.0003866246
1654	0.0005310138
968	0.0002115593
675	0.0001004907
431	0.0001047218
15	0.0002845472
1293	0.0001644873
1083	0.0003665265
859	0.0004109539
739	0.0000793347
876	0.0004532658
2890	0.0001396291
1792	0.0004522080
662	0.0002147327
382	0.0007150704
2236	0.0001988657
1506	0.0002676225
2855	0.0003607086
2846	0.0000312050
3008	0.0003289747
926	0.0000756324
139	0.0002702670
129	0.0003781622
2145	0.0001168865
1246	0.0000698146
168	0.0001459759
1518	0.0005156757
135	0.0000830370
2807	0.0006600650
2728	0.0003691709
2677	0.0005542853
2674	0.0003458994
2536	0.0002845472
2483	0.0004157140
1374	0.0001131842
2303	0.0008457082
1528	0.0002544000
1131	0.0004701905
653	0.0003189256
2259	0.0003734021
1692	0.0004363410
178	0.0007282928
145	0.0005447652
124	0.0002544000
2032	0.0002083859
1974	0.0002670936
1876	0.0005442363
772	0.0002094437
1759	0.0006616517
1429	0.0001391002
2500	0.0002824316
2377	0.0001507360
2265	0.0003744599
2212	0.0000597655
1015	0.0005526986
976	0.0003607086
509	0.0004950487
716	0.0004262920
367	0.0000893838
1972	0.0000481297
1886	0.0002321863
1821	0.0001745364
940	0.0004802396
743	0.0000962595
685	0.0001496782
523	0.0003194545
21	0.0004559103
2129	0.0002861339
1460	0.0000417830
1202	0.0003030587
723	0.0003659976
453	0.0003548907
1040	0.0003332059
351	0.0004638437
3011	0.0003199834
2931	0.0004543236
2926	0.0006441980
2838	0.0001057796
1012	0.0003258013
1498	0.0000714013
835	0.0002078570
2182	0.0002575734
1267	0.0007801249
595	0.0003437838
1755	0.0004157140
488	0.0000497164
1854	0.0002660358
1138	0.0003152233
2191	0.0003310903
1032	0.0002406487
901	0.0000401963
113	0.0004009048
152	0.0005489963
2883	0.0001867011
1419	0.0002020391
1056	0.0004633148
342	0.0002972408
862	0.0001131842
341	0.0004770662
2753	0.0002189639
2540	0.0004326387
2287	0.0000735169
2284	0.0000793347
2189	0.0003305614
64	0.0003808067
2461	0.0003924425
1473	0.0002131460
881	0.0003823934
45	0.0000454852
507	0.0003189256
405	0.0002702670
2568	0.0002247817
2153	0.0004104250
2113	0.0003670554
2085	0.0001676607
1963	0.0001475626
1733	0.0003617664
1173	0.0001391002
1734	0.0005764990
309	0.0003009431
1258	0.0002670936
824	0.0002089148
120	0.0001840566
2841	0.0002480533
2775	0.0008229656
2457	0.0003749888
2386	0.0001269356
2313	0.0001576117
1148	0.0002713248
392	0.0003099343
254	0.0006024151
2442	0.0002417065
2254	0.0005315427
2242	0.0003342637
1321	0.0003215701
1987	0.0003612375
813	0.0002057414
2602	0.0004448034
2014	0.0001385713
851	0.0003141655
644	0.0000761613
2477	0.0003400815
1820	0.0002850761
2296	0.0001322246
399	0.0003310903
2110	0.0002660358
1811	0.0003083477
1342	0.0002697381
436	0.0000645256
213	0.0006045306
94	0.0001956923
1968	0.0002316574
1802	0.0004262920
1450	0.0005489963
2863	0.0002258395
568	0.0001581406
2668	0.0005251959
2273	0.0000703435
2848	0.0003950870
2411	0.0004701905
916	0.0001110686
1961	0.0002676225
791	0.0004384566
1143	0.0004479768
1129	0.0007071369
2231	0.0001084241
1355	0.0001962212
386	0.0007499777
2043	0.0004003759
1457	0.0003168100
3046	0.0005183202
3041	0.0002284840
3035	0.0004257631
3005	0.0004252342
2970	0.0001084241
2965	0.0001787676
2651	0.0004770662
2624	0.0002025680
2318	0.0001703052
2115	0.0003220990
2001	0.0002914229
1866	0.0006082329
1561	0.0002395909
1352	0.0001893456
1310	0.0000375518
1261	0.0003860957
329	0.0004395144
200	0.0002263684
787	0.0003067610
525	0.0002046836
27	0.0003575352
1621	0.0003866246
161	0.0001623717
2331	0.0003273880
1902	0.0002062703
109	0.0001607851
1239	0.0005526986
2797	0.0003829223
2764	0.0005590454
2744	0.0001465048
1809	0.0002142038
1556	0.0005876059
1181	0.0003617664
803	0.0004675460
769	0.0002517555
2559	0.0011582871
60	0.0001671318
1766	0.0002644491
1245	0.0004855286
1400	0.0001803543
1067	0.0003533040
2615	0.0005775568
691	0.0003876824
1676	0.0003400815
1388	0.0004532658
911	0.0003564774
346	0.0002866628
2202	0.0003183967
2072	0.0002782005
1154	0.0002046836
427	0.0001184732
650	0.0006103485
82	0.0001428025
1763	0.0000608233
895	0.0005363028
1157	0.0000401963
69	0.0004664882
2762	0.0001290512
1910	0.0005310138
1470	0.0003765755
224	0.0000925572
2711	0.0001401580
2100	0.0002105015
2393	0.0005733257
1982	0.0007002612
1006	0.0005156757
426	0.0003622953
996	0.0003316192
2408	0.0004998088
2069	0.0003850379
1840	0.0002057414
1435	0.0002554578
279	0.0004770662
956	0.0002549289
2951	0.0000534187
2055	0.0004537947
2028	0.0000793347
1540	0.0003972026
1284	0.0002094437
1661	0.0007230038
1330	0.0002982986
629	0.0004892308
498	0.0004046071
483	0.0000793347
1487	0.0005421207
372	0.0001904034
1606	0.0007420442
2064	0.0002977697
99	0.0000957306
1160	0.0003850379
869	0.0007044924
2080	0.0000745746
2022	0.0002644491
1933	0.0003305614
1592	0.0001232333
790	0.0001443892
533	0.0004559103
2997	0.0001100108
2888	0.0001978079
2854	0.0004077805
2464	0.0003501306
1716	0.0000481297
1272	0.0002544000
1122	0.0004278786
2416	0.0001956923
1697	0.0001777098
1053	0.0001824699
462	0.0005103868
2735	0.0004284075
1770	0.0001200599
1209	0.0002327152
414	0.0001697763
991	0.0006870388
263	0.0003279169
2985	0.0003464283
2348	0.0002078570
2246	0.0005764990
931	0.0003448416
615	0.0001232333
476	0.0004913464
2219	0.0001475626
1626	0.0002633913
1409	0.0002110304
1198	0.0005690945
2141	0.0004485057
1077	0.0003157522
293	0.0001576117
1299	0.0003067610
1781	0.0005103868
1663	0.0006214554
967	0.0002258395
2157	0.0001835277
1611	0.0003347926
635	0.0004083094
469	0.0006045306
322	0.0004998088
1088	0.0001909323
575	0.0002956541
1835	0.0000904416
1566	0.0000597655
979	0.0004030204
709	0.0003548907
310	0.0005225514
40	0.0001290512
2908	0.0004664882
2363	0.0003501306
2293	0.0005103868
1707	0.0001475626
1115	0.0004109539
960	0.0003353215
699	0.0003691709
192	0.0003395526
1038	0.0001560250
818	0.0002982986
543	0.0002898362
267	0.0003194545
2813	0.0007758937
2044	0.0003332059
1892	0.0001465048
1777	0.0003903269
354	0.0001290512
1437	0.0003617664
2724	0.0001052507
1064	0.0004696616
2517	0.0006489581
757	0.0004675460
2577	0.0002935385
9	0.0002697381
2818	0.0002819027
2750	0.0003940292
2734	0.0004712483
1217	0.0002131460
1740	0.0004876441
1600	0.0003189256
603	0.0004992799
2527	0.0008346014
90	0.0002866628
1850	0.0003226279
565	0.0003009431
1964	0.0000798636
1346	0.0001322246
850	0.0000930861
2424	0.0001533805
1004	0.0005125024
2106	0.0003226279
891	0.0004019626
2696	0.0002163194
1360	0.0002956541
1013	0.0004490346
233	0.0000888549
2198	0.0002348308
1490	0.0000613522
2954	0.0002417065
2947	0.0002295418
2025	0.0001015485
1806	0.0003379660
1693	0.0004358121
316	0.0001671318
2288	0.0002083859
1738	0.0003490728
1370	0.0001290512
11	0.0003194545
2649	0.0005733257
842	0.0001428025
2689	0.0001655451
2531	0.0002686803
2437	0.0000581788
2367	0.0006161664
511	0.0005928949
2000	0.0003882113
899	0.0002538711
1899	0.0001523227
199	0.0003691709
2410	0.0007632001
1979	0.0004083094
2943	0.0006843943
2485	0.0001100108
2430	0.0005066845
2280	0.0000856815
1929	0.0003712865
1948	0.0004363410
1737	0.0003131077
1609	0.0004596125
795	0.0002670936
2122	0.0006082329
1780	0.0002517555
1113	0.0004659593
944	0.0002290129
794	0.0000914994
674	0.0002263684
1317	0.0003210412
957	0.0003485439
280	0.0003511884
273	0.0002808449
471	0.0006785764
2596	0.0003612375
1503	0.0006870388
2262	0.0002496400
1509	0.0002787294
2998	0.0001036640
2912	0.0003771044
1936	0.0005542853
2512	0.0004125406
1325	0.0002057414
1643	0.0001523227
131	0.0003443127
1796	0.0003972026
1565	0.0001745364
502	0.0006251577
1286	0.0001681896
314	0.0003501306
2935	0.0005326005
2877	0.0002734404
2638	0.0002237239
1502	0.0000698146
1872	0.0003533040
355	0.0000957306
2058	0.0004262920
553	0.0001147709
1252	0.0003316192
2643	0.0003453705
555	0.0001089530
1037	0.0001644873
2828	0.0002982986
2513	0.0003490728
1839	0.0000481297
1788	0.0003332059
680	0.0001459759
2186	0.0006997323
679	0.0000682279
37	0.0001576117
855	0.0005251959
195	0.0003337348
2005	0.0006040017
1706	0.0003728732
2783	0.0008346014
2355	0.0005341872
1960	0.0001496782
1147	0.0004019626
831	0.0006034729
1241	0.0002766138
2292	0.0002517555
1997	0.0004157140
1441	0.0003284458
647	0.0000830370
1206	0.0000661123
334	0.0006293889
3053	0.0003829223
3014	0.0001888167
2977	0.0003078188
2903	0.0005796724
2879	0.0006161664
2786	0.0002226661
2068	0.0005876059
2036	0.0002517555
1747	0.0003734021
1680	0.0005542853
1027	0.0004220608
423	0.0000682279
1953	0.0001777098
1139	0.0004400433
2757	0.0001454470
1319	0.0003866246
2454	0.0000777480
1826	0.0000740457
2077	0.0001745364
1222	0.0002015102
820	0.0002411776
174	0.0001803543
1799	0.0004537947
1571	0.0000729880
1552	0.0002977697
1194	0.0005489963
905	0.0001734786
422	0.0001740075
41	0.0001147709
2962	0.0000925572
2887	0.0001602562
2664	0.0004998088
1940	0.0001993946
1097	0.0002380042
1641	0.0004104250
641	0.0003781622
838	0.0001798254
616	0.0001666029
1121	0.0004077805
640	0.0004479768
1384	0.0004823552
870	0.0008716242
52	0.0001851144
1451	0.0003020009
302	0.0000735169
1453	0.0004003759
866	0.0004278786
2452	0.0001052507
2223	0.0001026063
770	0.0002200217
593	0.0003734021
402	0.0002332441
188	0.0002432932
1726	0.0007002612
1468	0.0002549289
896	0.0003014720
1464	0.0001438603
2347	0.0003458994
2165	0.0004522080
1494	0.0001544383
777	0.0001544383
2018	0.0000655834
1906	0.0006182820
1672	0.0003157522
464	0.0003458994
2325	0.0004083094
1685	0.0002607468
2768	0.0004125406
2011	0.0004157140
1891	0.0000925572
6	0.0005585165
1304	0.0002893073
562	0.0004024915
2607	0.0002258395
2544	0.0004294653
2541	0.0003829223
2327	0.0005410629
1593	0.0002427643
1478	0.0002015102
439	0.0000888549
1379	0.0003871535
362	0.0002618046
183	0.0000888549
2269	0.0004797107
1102	0.0001877589
2206	0.0001761231
1720	0.0001697763
705	0.0002787294
2496	0.0003289747
407	0.0002231950
2177	0.0003977314
18	0.0001010196
912	0.0003215701
376	0.0001840566
1432	0.0002782005
785	0.0002559867
3060	0.0004003759
3058	0.0004130695
2955	0.0001681896
2921	0.0007055502
2703	0.0002961830
2691	0.0002295418
2682	0.0003490728
2509	0.0003030587
2404	0.0004971643
2051	0.0004009048
1930	0.0006997323
1235	0.0004030204
599	0.0005151469
609	0.0001417447
587	0.0003744599
1393	0.0003823934
1167	0.0003564774
243	0.0003480150
95	0.0004638437
923	0.0002554578
298	0.0001401580
726	0.0002237239
2171	0.0003903269
148	0.0002173772
1343	0.0006034729
753	0.0003035876
2655	0.0006706429
2489	0.0002898362
2742	0.0001036640
2627	0.0001867011
2611	0.0005341872
1909	0.0004522080
935	0.0001348690
203	0.0002766138
1213	0.0003485439
1093	0.0002639202
106	0.0002618046
964	0.0002496400
157	0.0005162046
2009	0.0003744599
65	0.0003564774
2084	0.0001274645
1023	0.0011889632
81	0.0003734021
624	0.0001983368
86	0.0002972408
2598	0.0004077805
2473	0.0003464283
1300	0.0004268209
1199	0.0005331294
2170	0.0005891926
1158	0.0000476008
2352	0.0003480150
2335	0.0002559867
2090	0.0001205888
1297	0.0002559867
1862	0.0007420442
1521	0.0004257631
1041	0.0002559867
656	0.0005283693
371	0.0003448416
204	0.0004262920
2492	0.0002279551
1990	0.0005764990
814	0.0002194928
435	0.0003876824
1482	0.0001248200
885	0.0005548142
2872	0.0001687185
2109	0.0001972790
1412	0.0000476008
1709	0.0001412158
884	0.0002200217
339	0.0003437838
228	0.0000856815
829	0.0002406487
749	0.0000814503
268	0.0003247435
596	0.0006246288
345	0.0005606321
613	0.0002787294
1082	0.0002469955
1066	0.0004109539
952	0.0001438603
121	0.0005542853
494	0.0001036640
1956	0.0000597655
1071	0.0003136366
487	0.0000962595
2778	0.0000687568
238	0.0001036640
2631	0.0001602562
2278	0.0002644491
2235	0.0004083094
873	0.0007071369
448	0.0003395526
253	0.0004950487
2839	0.0005410629
2805	0.0005373606
2499	0.0003199834
2427	0.0004532658
2096	0.0002057414
1334	0.0003527751
713	0.0002707959
1784	0.0001322246
63	0.0002956541
1637	0.0002819027
179	0.0003876824
1532	0.0006537182
1105	0.0003168100
2241	0.0003009431
1290	0.0001322246
1262	0.0005156757
2162	0.0006182820
1527	0.0005526986
938	0.0005489963
2149	0.0002819027
1679	0.0003310903
1830	0.0002036258
1620	0.0005442363
2916	0.0004971643
2574	0.0001703052
2554	0.0003014720
2370	0.0001512649
1132	0.0004532658
1925	0.0001470337
929	0.0003284458
547	0.0001057796
1583	0.0000481297
631	0.0003924425
1616	0.0003533040
1538	0.0003892691
2620	0.0002792583
1544	0.0002602179
482	0.0000793347
396	0.0003675843
1422	0.0002115593
258	0.0004321098
2447	0.0002961830
2138	0.0002633913
1055	0.0002469955
1047	0.0004384566
949	0.0000735169
499	0.0003480150
3043	0.0002686803
1276	0.0006537182
909	0.0002274262
141	0.0003189256
2618	0.0001671318
1124	0.0005257248
2981	0.0001327534
75	0.0003744599
2793	0.0002554578
1230	0.0002871917
2588	0.0002343019
1917	0.0007230038
2993	0.0003125788
1163	0.0002020391
1702	0.0001829988
450	0.0003543618
1713	0.0005008666
1405	0.0005088001
2894	0.0002237239
2420	0.0002099726
2104	0.0001232333
1060	0.0003543618
2858	0.0004448034
2126	0.0008123876
2720	0.0003501306
2572	0.0002982986
2526	0.0000978462
1729	0.0003009431
900	0.0000476008
318	0.0002829605
972	0.0005802013
473	0.0003109921
3	0.0004035493
1774	0.0001084241
248	0.0001348690
1351	0.0002062703
146	0.0002332441
2396	0.0004664882
802	0.0003802778
356	0.0001840566
2063	0.0003215701
528	0.0003760466
2678	0.0004982221
2632	0.0001978079
2040	0.0001322246
807	0.0003866246
164	0.0000639967
1049	0.0002491111
3061	0.0005373606
2986	0.0005786146
2969	0.0003749888
2942	0.0005066845
2898	0.0001269356
2538	0.0003199834
2448	0.0003686420
1408	0.0003014720
2721	0.0003078188
882	0.0003152233
2812	0.0006108774
1488	0.0003607086
1050	0.0000914994
560	0.0002305996
2830	0.0001703052
798	0.0000375518
2725	0.0001327534
898	0.0002046836
1273	0.0003337348
1031	0.0002305996
634	0.0006611228
451	0.0003337348
2616	0.0001687185
2516	0.0006484292
1364	0.0005236092
454	0.0005849614
2831	0.0003279169
2551	0.0006600650
684	0.0000814503
578	0.0004998088
978	0.0000613522
695	0.0000888549
2144	0.0000682279
325	0.0004664882
1615	0.0004955776
1233	0.0003104632
1162	0.0001978079
889	0.0004088383
540	0.0002792583
378	0.0006611228
211	0.0003659976
2073	0.0002395909
1732	0.0003337348
2718	0.0001052507
2406	0.0008726820
1924	0.0000666412
861	0.0005077423
337	0.0003734021
76	0.0003781622
3042	0.0002226661
982	0.0001544383
1214	0.0003765755
571	0.0002956541
2592	0.0003950870
1190	0.0002395909
2290	0.0004897597
1660	0.0002237239
966	0.0002015102
389	0.0001110686
1345	0.0002268973
1171	0.0003464283
2843	0.0003273880
2314	0.0001591984
1123	0.0003871535
2216	0.0001496782
992	0.0003131077
1954	0.0001882878
758	0.0006251577
706	0.0003543618
236	0.0000925572
218	0.0001179443
2345	0.0002988275
14	0.0003173389
2999	0.0001110686
2973	0.0003924425
2587	0.0003273880
2328	0.0002819027
1608	0.0003321481
2567	0.0002919518
2924	0.0005251959
2889	0.0001507360
2474	0.0005786146
594	0.0001428025
234	0.0000994329
1438	0.0000756324
2901	0.0008187344
2776	0.0003432549
2767	0.0005315427
1903	0.0001301090
2188	0.0003400815
1778	0.0004897597
2339	0.0003956159
1859	0.0003220990
1278	0.0005775568
160	0.0001454470
1048	0.0002893073
98	0.0001290512
3019	0.0001740075
2870	0.0003258013
2785	0.0002284840
2582	0.0001057796
2434	0.0002845472
1061	0.0003210412
1000	0.0002094437
1381	0.0007044924
43	0.0001089530
2054	0.0006769897
1728	0.0003014720
193	0.0002787294
1555	0.0003083477
288	0.0000952017
1180	0.0003792200
1185	0.0003284458
586	0.0006082329
430	0.0001803543
2169	0.0005363028
447	0.0004479768
410	0.0003157522
119	0.0003924425
2859	0.0003458994
999	0.0003062321
2849	0.0002977697
2597	0.0002940674
2330	0.0000502453
2118	0.0007420442
1741	0.0004157140
1446	0.0002395909
415	0.0005405340
1315	0.0004675460
1130	0.0007700758
1292	0.0003115210
189	0.0003866246
1356	0.0002364175
2795	0.0002750271
2385	0.0003485439
1871	0.0004955776
1832	0.0000952017
1153	0.0002110304
1022	0.0005775568
2704	0.0003686420
953	0.0002327152
480	0.0000925572
438	0.0002819027
107	0.0001301090
87	0.0005151469
2966	0.0000777480
2952	0.0002163194
2798	0.0004643726
2504	0.0002110304
2061	0.0002189639
1762	0.0000655834
1560	0.0002782005
1424	0.0003215701
417	0.0001623717
221	0.0004500924
784	0.0003332059
1144	0.0001803543
260	0.0003273880
1844	0.0002105015
1530	0.0003469572
762	0.0003263302
734	0.0001279934
2621	0.0002734404
1723	0.0004083094
2524	0.0006092907
2047	0.0008457082
1440	0.0004416300
144	0.0005283693
1471	0.0005849614
381	0.0004966354
2205	0.0004358121
1814	0.0001925189
1349	0.0002639202
906	0.0001978079
177	0.0004310520
2213	0.0001697763
373	0.0004892308
2078	0.0000597655
773	0.0001703052
1247	0.0006870388
22	0.0001819410
2940	0.0002681514
205	0.0003353215
1752	0.0003897980
1309	0.0001824699
2874	0.0001671318
1576	0.0000952017
2681	0.0004633148
1622	0.0003014720
1260	0.0005125024
874	0.0007700758
975	0.0005421207
493	0.0000814503
3034	0.0000687568
3020	0.0005590454
3013	0.0001454470
3010	0.0002131460
3002	0.0002893073
2856	0.0004003759
2752	0.0003289747
2528	0.0002358886
2220	0.0000798636
1911	0.0003501306
1708	0.0000798636
1436	0.0003792200
2199	0.0001909323
2174	0.0007103103
1677	0.0003305614
1591	0.0004247053
1320	0.0004696616
1026	0.0002200217
1993	0.0003131077
1390	0.0005204358
1893	0.0002819027
1646	0.0002062703
1499	0.0003295036
1469	0.0003485439
534	0.0001819410
746	0.0000994329
400	0.0005283693
2996	0.0000338495
2761	0.0001470337
2595	0.0003956159
2545	0.0005024533
2023	0.0001396291
1977	0.0004887019
1825	0.0000740457
1669	0.0001470337
1952	0.0001078952
1372	0.0004162429
1285	0.0001703052
1268	0.0003258013
919	0.0001221755
744	0.0000497164
633	0.0005542853
151	0.0002231950
1525	0.0004490346
1242	0.0000714013
932	0.0001465048
515	0.0004035493
475	0.0003411393
287	0.0002898362
1959	0.0000550054
1549	0.0002189639
2842	0.0000502453
2780	0.0006092907
2667	0.0004701905
2658	0.0004453323
2451	0.0003670554
2356	0.0002655069
2210	0.0001882878
2192	0.0005542853
1874	0.0001290512
1327	0.0003136366
1208	0.0001438603
1195	0.0003020009
1107	0.0003141655
724	0.0005585165
519	0.0003279169
138	0.0006103485
1803	0.0002755560
1201	0.0003168100
17	0.0002808449
1274	0.0003469572
110	0.0001745364
1995	0.0003078188
333	0.0003517173
646	0.0002057414
446	0.0007632001
2306	0.0002819027
2900	0.0005331294
2229	0.0002041547
2181	0.0001470337
1582	0.0000428408
1220	0.0002496400
1599	0.0003094054
1149	0.0005088001
2652	0.0004664882
2337	0.0002977697
2866	0.0002554578
2695	0.0000534187
2603	0.0003458994
2283	0.0001010196
2407	0.0004844708
2243	0.0003612375
1288	0.0002406487
1087	0.0006034729
810	0.0004109539
1587	0.0003527751
1238	0.0001544383
33	0.0000756324
2905	0.0005733257
2707	0.0003670554
2443	0.0001681896
2230	0.0002670936
1937	0.0004347543
2013	0.0004797107
1860	0.0003665265
1793	0.0003300325
1559	0.0005902504
1701	0.0001697763
7	0.0003279169
227	0.0000793347
264	0.0003416682
806	0.0004294653
255	0.0005928949
1885	0.0004485057
1817	0.0002395909
182	0.0002819027
2817	0.0002744982
815	0.0003136366
717	0.0003353215
556	0.0000756324
1511	0.0003062321
671	0.0005405340
2431	0.0006843943
2423	0.0005326005
2249	0.0003131077
692	0.0000645256
167	0.0000682279
1605	0.0004606703
663	0.0002231950
1907	0.0004495635
1945	0.0004934620
854	0.0002105015
1174	0.0000502453
969	0.0001708341
1946	0.0003183967
510	0.0006024151
393	0.0003194545
2276	0.0001100108
1501	0.0004855286
1508	0.0003316192
877	0.0004812974
658	0.0002332441
549	0.0001576117
274	0.0001010196
3029	0.0006489581
2990	0.0004712483
2963	0.0003670554
2925	0.0005775568
2891	0.0001549672
1771	0.0001010196
1128	0.0004823552
946	0.0003030587
1724	0.0001988657
1520	0.0004442745
2644	0.0005331294
2148	0.0001465048
303	0.0000772191
250	0.0003263302
1361	0.0003168100
614	0.0003300325
1765	0.0001819410
2959	0.0002961830
130	0.0007499777
1373	0.0005077423
53	0.0003009431
1465	0.0002327152
1302	0.0001443892
2239	0.0005125024
1397	0.0005548142
941	0.0004003759
2392	0.0004474479
583	0.0003337348
1879	0.0003913847
1824	0.0000745746
2917	0.0006558338
1869	0.0005257248
2342	0.0004077805
591	0.0003453705
2304	0.0004839419
832	0.0001909323
2992	0.0002337730
2804	0.0004003759
2465	0.0003078188
2135	0.0003913847
2341	0.0002940674
828	0.0002676225
1920	0.0004183585
276	0.0005447652
1831	0.0001576117
102	0.0003300325
2639	0.0002496400
1218	0.0002015102
2578	0.0000682279
2402	0.0004453323
2398	0.0001829988
1836	0.0000449563
1404	0.0002713248
1543	0.0004537947
259	0.0004035493
1625	0.0004680749
424	0.0001459759
1402	0.0002856050
1106	0.0000930861
163	0.0001004907
2929	0.0003903269
2731	0.0003125788
1841	0.0002898362
1531	0.0004955776
1333	0.0003157522
347	0.0004992799
2770	0.0000639967
2738	0.0003067610
2586	0.0000502453
1184	0.0004416300
434	0.0007282928
865	0.0004077805
2869	0.0003908558
2851	0.0003956159
2835	0.0003654687
2156	0.0001063085
1725	0.0004522080
1577	0.0000999618
1572	0.0001274645
442	0.0006875677
689	0.0004310520
1329	0.0003094054
1116	0.0004162429
886	0.0003987892
2834	0.0000682279
2619	0.0003501306
2379	0.0001549672
811	0.0003533040
727	0.0006785764
939	0.0003020009
320	0.0003808067
2010	0.0001100108
1670	0.0002575734
249	0.0003236857
1612	0.0004411011
465	0.0002903651
2222	0.0002025680
2127	0.0004955776
1748	0.0007991652
1537	0.0003300325
1298	0.0000507742
1189	0.0001496782
1177	0.0002448799
819	0.0005463518
1127	0.0005082712
894	0.0003527751
858	0.0001290512
140	0.0003675843
1900	0.0001063085
985	0.0002766138
971	0.0001946345
754	0.0004046071
847	0.0002591601
479	0.0006156375
385	0.0003781622
1359	0.0002591601
954	0.0002459377
1479	0.0002258395
801	0.0002850761
1166	0.0002115593
2166	0.0005310138
1563	0.0002988275
1378	0.0004278786
1003	0.0002464666
2821	0.0001893456
2101	0.0003316192
1800	0.0002602179
1054	0.0000375518
1717	0.0002041547
619	0.0001301090
3052	0.0004326387
2714	0.0001084241
2557	0.0007758937
2176	0.0004183585
2495	0.0005389473
2310	0.0002834894
698	0.0006875677
1634	0.0001041929
621	0.0001607851
1848	0.0001232333
524	0.0003247435
598	0.0002972408
2794	0.0003199834
2772	0.0006484292
2741	0.0001100108
2628	0.0002120882
2486	0.0001036640
2470	0.0002295418
2374	0.0002046836
2050	0.0003892691
922	0.0000862104
780	0.0003115210
2438	0.0000994329
2322	0.0000682279
2317	0.0001824699
1433	0.0002448799
2209	0.0001777098
1666	0.0006738163
240	0.0002194928
230	0.0002194928
377	0.0005542853
115	0.0003448416
602	0.0002866628
2319	0.0003279169
1311	0.0002469955
1072	0.0003776333
1787	0.0004003759
1394	0.0003152233
1086	0.0002697381
701	0.0003866246
612	0.0001840566
1391	0.0004860574
936	0.0005479385
2251	0.0003078188
1277	0.0005870770
214	0.0002237239
564	0.0001851144
2850	0.0003400815
2789	0.0003654687
2708	0.0001052507
2562	0.0002819027
1650	0.0006182820
2539	0.0002750271
2074	0.0000835659
1967	0.0001026063
2547	0.0007944051
731	0.0003411393
2779	0.0004257631
657	0.0005447652
2956	0.0003194545
2530	0.0002226661
2491	0.0003919136
2255	0.0005569298
2139	0.0004056649
1865	0.0004596125
1783	0.0005727968
768	0.0004633148
1928	0.0003157522
1092	0.0002004524
1483	0.0001946345
503	0.0004569680
1756	0.0006330912
1636	0.0001465048
2334	0.0000312050
1996	0.0004876441
1415	0.0000460141
1036	0.0003115210
761	0.0003236857
576	0.0003808067
338	0.0001428025
1775	0.0000735169
738	0.0000793347
484	0.0000856815
1243	0.0003295036
1078	0.0003527751
1265	0.0004257631
2065	0.0002142038
623	0.0000893838
1512	0.0002094437
544	0.0000952017
1196	0.0004802396
2389	0.0008187344
1114	0.0001290512
2564	0.0002945963
2382	0.0002237239
2946	0.0002845472
328	0.0003945581
2635	0.0001549672
239	0.0000936150
628	0.0001904034
122	0.0006611228
2353	0.0003792200
2277	0.0001819410
1223	0.0002258395
878	0.0005204358
269	0.0002046836
363	0.0001301090
3067	0.0004797107
3059	0.0007944051
2709	0.0001787676
2697	0.0001703052
2692	0.0000534187
2612	0.0002655069
2272	0.0000571210
2159	0.0001301090
2132	0.0005442363
2031	0.0000735169
1889	0.0001168865
2646	0.0002565156
1875	0.0002702670
1673	0.0003712865
997	0.0002787294
963	0.0003691709
733	0.0004500924
1449	0.0003374371
630	0.0007113681
2878	0.0002147327
2873	0.0002380042
2226	0.0006642961
608	0.0001036640
1649	0.0004114828
1234	0.0000613522
2748	0.0002279551
1314	0.0003802778
1798	0.0006769897
1474	0.0002015102
2535	0.0003892691
125	0.0004966354
2152	0.0001454470
1687	0.0001909323
1632	0.0000682279
522	0.0004596125
1423	0.0003564774
44	0.0000756324
3023	0.0005315427
2862	0.0001798254
2663	0.0004844708
2412	0.0005251959
2017	0.0000703435
1564	0.0002850761
1280	0.0004633148
714	0.0003242146
667	0.0005072134
2008	0.0003897980
1188	0.0001465048
313	0.0002893073
3009	0.0002189639
2934	0.0004982221
2884	0.0002120882
2661	0.0006558338
1324	0.0002945963
397	0.0003189256
1096	0.0001893456
1657	0.0005363028
2717	0.0003924425
2185	0.0003712865
1191	0.0001348690
459	0.0002766138
3039	0.0008346014
2756	0.0002824316
2688	0.0002845472
1914	0.0005891926
1797	0.0004384566
1753	0.0003744599
1495	0.0005526986
823	0.0005225514
771	0.0004220608
401	0.0005447652
1119	0.0005093290
186	0.0006875677
3000	0.0001465048
1938	0.0002279551
1919	0.0006214554
1705	0.0002676225
2978	0.0003940292
915	0.0003464283
2606	0.0001798254
1986	0.0003342637
1586	0.0003855668
1456	0.0002290129
516	0.0003273880
404	0.0002173772
2982	0.0002295418
2904	0.0004474479
2555	0.0004797107
2346	0.0004448034
2297	0.0003998470
2214	0.0001829988
2163	0.0004495635
2195	0.0004775951
2060	0.0003226279
2004	0.0007991652
1813	0.0003850379
1551	0.0003215701
702	0.0007632001
561	0.0002893073
2221	0.0001412158
2112	0.0003189256
1307	0.0002670936
357	0.0002787294
2826	0.0001591984
1941	0.0002607468
1812	0.0005876059
1769	0.0001015485
2475	0.0003125788
455	0.0003691709
297	0.0001147709
1596	0.0001549672
2097	0.0002898362
2083	0.0000729880
980	0.0005209647
550	0.0001755942
10	0.0004596125
1736	0.0002438221
1651	0.0004495635
1081	0.0002464666
958	0.0003765755
1569	0.0000740457
592	0.0003760466
2542	0.0004643726
2123	0.0003347926
2364	0.0002792583
1978	0.0007827693
1640	0.0001454470
173	0.0001496782
530	0.0001010196
66	0.0004998088
2675	0.0004543236
470	0.0002237239
2403	0.0003813356
2360	0.0001687185
2026	0.0001200599
1524	0.0003258013
793	0.0002491111
1287	0.0002305996
1205	0.0000735169
1696	0.0001078952
2261	0.0006040017
654	0.0006695851
283	0.0003575352
156	0.0004754795
3037	0.0006325623
2913	0.0004040782
2784	0.0002358886
2746	0.0002893073
2498	0.0002131460
2368	0.0002025680
2358	0.0003258013
2228	0.0000481297
2091	0.0000904416
1971	0.0004167718
59	0.0002956541
1226	0.0001248200
2247	0.0004003759
1949	0.0004358121
1744	0.0003882113
1256	0.0002094437
1853	0.0001972790
864	0.0003734021
1016	0.0002544000
2480	0.0002337730
219	0.0003411393
2300	0.0003332059
1170	0.0000740457
2895	0.0002496400
1896	0.0001454470
1515	0.0002464666
925	0.0003617664
799	0.0002469955
390	0.0002057414
1686	0.0002348308
1955	0.0001152998
1042	0.0000507742
196	0.0003570063
38	0.0001755942
1169	0.0002866628
945	0.0003168100
118	0.0007113681
1674	0.0006997323
206	0.0005103868
1659	0.0003903269
1065	0.0003215701
959	0.0005849614
358	0.0003300325
331	0.0003744599
767	0.0005928949
737	0.0000925572
2070	0.0001925189
1020	0.0006537182
3055	0.0005003377
2967	0.0001401580
2880	0.0002025680
2868	0.0002655069
2799	0.0005003377
2749	0.0004252342
2743	0.0001110686
2622	0.0002147327
2549	0.0005373606
2173	0.0007230038
1870	0.0008123876
1448	0.0005479385
805	0.0003210412
437	0.0001475626
84	0.0006246288
194	0.0003543618
2395	0.0004770662
1768	0.0000856815
1312	0.0004633148
220	0.0004913464
2365	0.0002734404
1021	0.0005870770
2450	0.0000925572
2160	0.0001819410
1989	0.0003617664
1263	0.0005548142
948	0.0000417830
934	0.0002395909
572	0.0001671318
1398	0.0003987892
1430	0.0000502453
226	0.0000793347
1145	0.0004088383
527	0.0002845472
62	0.0002829605
2466	0.0003940292
833	0.0002268973
1472	0.0003353215
2020	0.0001100108
1573	0.0001676607
2575	0.0003279169
548	0.0001063085
1772	0.0000793347
1110	0.0002105015
2204	0.0004363410
1999	0.0005569298
2324	0.0004633148
418	0.0002263684
933	0.0001496782
783	0.0003347926
2217	0.0002676225
1357	0.0002549289
2333	0.0001925189
2052	0.0003972026
1090	0.0001322246
993	0.0002406487
627	0.0003448416
348	0.0005130313
1152	0.0003014720
789	0.0004173007
2046	0.0007288217
49	0.0002893073
2503	0.0002242528
2201	0.0004934620
2117	0.0004606703
1916	0.0002237239
1308	0.0002459377
1934	0.0006431402
715	0.0002766138
0	0.0004548525
1722	0.0007827693
23	0.0004770662
388	0.0000761613
364	0.0001052507
1425	0.0002866628
2680	0.0001533805
950	0.0000661123
2957	0.0002073281
1845	0.0003316192
2478	0.0004712483
1992	0.0002438221
1842	0.0003855668
1678	0.0006431402
1445	0.0001496782
1025	0.0002517555
2449	0.0003305614
2340	0.0003612375
1466	0.0002459377
778	0.0001322246
485	0.0001428025
2143	0.0004601414
720	0.0003458994
1270	0.0004945198
1645	0.0001835277
460	0.0004262920
1389	0.0004812974
324	0.0004379277
3045	0.0003654687
2941	0.0007515643
2899	0.0003453705
2811	0.0004797107
2066	0.0000714013
637	0.0004966354
244	0.0002491111
2679	0.0005326005
752	0.0002194928
1232	0.0003607086
1607	0.0003416682
379	0.0004083094
2617	0.0002380042
1639	0.0001369846
1386	0.0007700758
1536	0.0004522080
1035	0.0002142038
452	0.0003570063
1894	0.0003379660
579	0.0003395526
535	0.0004770662
295	0.0001338112
1618	0.0001290512
77	0.0003517173
2995	0.0004157140
2260	0.0007991652
1712	0.0002316574
683	0.0001184732
1215	0.0005849614
541	0.0002041547
2552	0.0002348308
2344	0.0004003759
765	0.0004950487
312	0.0001581406
2521	0.0003131077
897	0.0002110304
2923	0.0004701905
2722	0.0003940292
2584	0.0002819027
2519	0.0008229656
2435	0.0002295418
2371	0.0001867011
2610	0.0002554578
1628	0.0005288982
1002	0.0002670936
237	0.0000814503
370	0.0005400051
567	0.0003242146
3031	0.0008229656
2987	0.0003125788
2974	0.0001052507
2950	0.0000994329
1439	0.0004585547
1279	0.0011889632
965	0.0002046836
2079	0.0004627859
416	0.0001454470
914	0.0000740457
380	0.0002544000
300	0.0000756324
100	0.0001840566
286	0.0000676990
2829	0.0001824699
2432	0.0002845472
2426	0.0003490728
2405	0.0006558338
2232	0.0001697763
1395	0.0004400433
1075	0.0005463518
800	0.0004633148
1365	0.0007446887
1407	0.0005363028
496	0.0002194928
605	0.0004701905
2844	0.0002343019
2591	0.0002559867
2291	0.0004733639
1779	0.0004733639
2581	0.0004083094
1568	0.0000745746
1807	0.0003215701
607	0.0004638437
2902	0.0002565156
1699	0.0001152998
759	0.0004569680
42	0.0001401580
2508	0.0005590454
1228	0.0005802013
1073	0.0003094054
235	0.0000639967
2187	0.0003284458
1931	0.0003284458
2244	0.0003337348
694	0.0002819027
1103	0.0002591601
816	0.0003776333
3056	0.0004294653
3028	0.0006484292
3018	0.0001290512
3012	0.0002824316
2881	0.0001591984
2760	0.0002110304
2726	0.0002295418
2687	0.0006843943
2609	0.0003792200
2131	0.0002702670
1700	0.0000597655
1339	0.0003665265
1062	0.0004294653
445	0.0003866246
2338	0.0003400815
2012	0.0006330912
296	0.0001290512
265	0.0002697381
171	0.0001184732
2147	0.0000925572
2120	0.0003321481
1884	0.0005288982
1858	0.0004775951
582	0.0007494488
718	0.0005103868
557	0.0000454852
1581	0.0000327917
1604	0.0003665265
1507	0.0003236857
441	0.0004347543
2685	0.0007515643
2275	0.0000608233
2208	0.0001078952
2167	0.0003501306
2035	0.0004733639
1746	0.0000872682
2136	0.0004611992
1980	0.0001988657
1295	0.0003347926
2832	0.0003485439
1140	0.0002200217
983	0.0005526986
868	0.0005257248
672	0.0001454470
275	0.0003686420
197	0.0003548907
1731	0.0003612375
853	0.0007446887
1500	0.0004939909
751	0.0000936150
677	0.0001819410
1111	0.0005251959
907	0.0002020391
2964	0.0001052507
2938	0.0003490728
2388	0.0005331294
2264	0.0003897980
2238	0.0007002612
1868	0.0004411011
1210	0.0002459377
590	0.0006293889
1878	0.0003014720
664	0.0005489963
1790	0.0007288217
1690	0.0003183967
2918	0.0008726820
2502	0.0001888167
1420	0.0003564774
617	0.0003654687
352	0.0001036640
79	0.0003453705
2875	0.0003501306
2803	0.0007944051
1594	0.0003226279
1034	0.0001322246
251	0.0003189256
126	0.0007150704
2810	0.0003014720
2537	0.0002554578
2267	0.0004157140
1823	0.0004627859
1548	0.0003226279
1533	0.0005870770
651	0.0002702670
369	0.0004009048
947	0.0004310520
176	0.0002475244
256	0.0004548525
920	0.0002782005
2781	0.0006325623
2305	0.0002744982
1757	0.0004797107
1682	0.0002279551
1221	0.0002046836
1200	0.0002290129
918	0.0000502453
428	0.0000814503
887	0.0004479768
72	0.0003945581
1496	0.0003067610
500	0.0002491111
2659	0.0003813356
2566	0.0002834894
2444	0.0003194545
2413	0.0005775568
2282	0.0001200599
2211	0.0001152998
2107	0.0002840183
1598	0.0002660358
1413	0.0000401963
1275	0.0004955776
1108	0.0005236092
1014	0.0004945198
843	0.0001962212
2529	0.0002284840
1856	0.0003189256
2484	0.0000338495
2357	0.0003908558
2315	0.0002009813
1804	0.0003226279
1491	0.0004030204
1362	0.0000930861
632	0.0001840566
2257	0.0002914229
1371	0.0004109539
394	0.0006103485
610	0.0001290512
514	0.0004321098
1683	0.0004775951
1326	0.0002194928
1236	0.0005209647
1175	0.0001221755
1136	0.0002030969
1176	0.0002782005
645	0.0001110686
1452	0.0004802396
1382	0.0008716242
725	0.0006045306
513	0.0002919518
2645	0.0008187344
50	0.0004024915
2633	0.0001507360
1994	0.0003490728
1519	0.0005548142
797	0.0001824699
2459	0.0003659976
2197	0.0002607468
2666	0.0007632001
2637	0.0001888167
2494	0.0003940292
2384	0.0002924807
1815	0.0005902504
1039	0.0003347926
1005	0.0003860957
28	0.0002792583
2089	0.0000999618
589	0.0003517173
2087	0.0001576117
1337	0.0002464666
687	0.0001047218
215	0.0006785764
2184	0.0003157522
2098	0.0003855668
150	0.0002147327
2336	0.0003950870
2298	0.0004352832
2604	0.0002078570
245	0.0004675460
2511	0.0005315427
2190	0.0006431402
2546	0.0004130695
826	0.0002469955
1344	0.0001909323
2329	0.0002480533
332	0.0003781622
2980	0.0001052507
1965	0.0001412158
1099	0.0001962212
745	0.0000888549
2653	0.0006590072
34	0.0000883260
2656	0.0003771044
2548	0.0004003759
2613	0.0003908558
2082	0.0000740457
620	0.0001052507
2713	0.0003749888
2693	0.0000581788
1547	0.0002755560
1410	0.0002046836
2625	0.0001591984
1434	0.0000862104
2773	0.0006489581
2471	0.0001047218
2445	0.0002073281
3040	0.0002358886
2311	0.0002919518
2271	0.0006616517
2140	0.0005288982
1523	0.0007801249
1069	0.0002057414
1045	0.0004173007
1619	0.0002702670
937	0.0003374371
730	0.0001179443
16	0.0003760466
921	0.0002448799
1224	0.0002115593
368	0.0001983368
2788	0.0004347543
2740	0.0000338495
2556	0.0006108774
2440	0.0002163194
2320	0.0003485439
994	0.0002676225
1786	0.0004352832
611	0.0000957306
1849	0.0002427643
849	0.0003168100
492	0.0000925572
208	0.0003458994
93	0.0004701905
292	0.0001063085
291	0.0001057796
374	0.0007113681
2790	0.0005183202
2429	0.0007515643
429	0.0001496782
114	0.0005400051
1939	0.0004775951
1306	0.0000914994
1328	0.0003776333
73	0.0004395144
1091	0.0002078570
409	0.0005579876
241	0.0003035876
67	0.0003395526
2819	0.0004194163
2561	0.0002744982
1962	0.0003728732
812	0.0002945963
1958	0.0001829988
489	0.0000888549
585	0.0004395144
2391	0.0005796724
1970	0.0006642961
1392	0.0002030969
327	0.0003337348
1281	0.0002517555
1080	0.0002089148
732	0.0004913464
2233	0.0004887019
1864	0.0003321481
1881	0.0004680749
1603	0.0003220990
2771	0.0004955776
2381	0.0001888167
1416	0.0003850379
970	0.0001248200
622	0.0001745364
24	0.0003511884
2759	0.0002242528
2375	0.0001602562
2256	0.0003882113
2049	0.0003300325
1658	0.0005891926
104	0.0001666029
2361	0.0002380042
2057	0.0002898362
1558	0.0001925189
1635	0.0000925572
1237	0.0005759701
1513	0.0002030969
2563	0.0004194163
2490	0.0002893073
2175	0.0006214554
1264	0.0004442745
747	0.0000639967
159	0.0005405340
1942	0.0002348308
1633	0.0001168865
1427	0.0003464283
47	0.0000772191
1484	0.0005802013
1017	0.0003337348
3049	0.0002554578
3022	0.0002871917
2840	0.0002819027
2164	0.0001581406
2042	0.0004352832
1602	0.0004775951
1057	0.0002850761
538	0.0001311668
270	0.0003173389
2007	0.0007785382
521	0.0002697381
1923	0.0003369082
1332	0.0002411776
880	0.0002030969
162	0.0002263684
1117	0.0005077423
740	0.0000856815
1008	0.0004442745
433	0.0004310520
1912	0.0001422736
1399	0.0004479768
986	0.0000714013
786	0.0000507742
103	0.0001232333
201	0.0002707959
2983	0.0001047218
2892	0.0002819027
2585	0.0002480533
2039	0.0005727968
1624	0.0004611992
1529	0.0003337348
1401	0.0004088383
871	0.0005082712
719	0.0004421589
902	0.0000476008
827	0.0003665265
266	0.0004596125
1742	0.0005315427
1353	0.0002380042
1704	0.0001496782
1219	0.0003691709
2534	0.0005183202
1695	0.0004881730
2378	0.0001396291
97	0.0001417447
750	0.0001036640
668	0.0004754795
1749	0.0006040017
688	0.0002475244
2737	0.0003125788
2701	0.0002073281
2128	0.0003533040
1341	0.0002406487
1126	0.0008716242
910	0.0002115593
774	0.0001681896
2684	0.0002681514
693	0.0001475626
2570	0.0001591984
1534	0.0005775568
2309	0.0001893456
893	0.0005088001
1915	0.0003903269
804	0.0003543618
83	0.0003437838
2558	0.0005500541
1385	0.0007071369
2672	0.0001956923
1818	0.0000835659
2094	0.0000428408
962	0.0002015102
1085	0.0002406487
755	0.0003480150
2323	0.0003654687
1837	0.0000327917
1714	0.0006642961
1403	0.0004019626
143	0.0003310903
3033	0.0003131077
2822	0.0002834894
2268	0.0006330912
1051	0.0002670936
1497	0.0002766138
497	0.0003035876
2914	0.0004453323
518	0.0005585165
2906	0.0001798254
1211	0.0003252724
2852	0.0003612375
2732	0.0003972026
2399	0.0006706429
2155	0.0001523227
1711	0.0001026063
411	0.0005072134
169	0.0002618046
1542	0.0006769897
3068	0.0006108774
2991	0.0004284075
2836	0.0004633148
2102	0.0006198687
478	0.0001279934
2579	0.0003654687
384	0.0004479768
2016	0.0000571210
836	0.0002004524
398	0.0006695851
1735	0.0004003759
955	0.0003252724
2816	0.0004839419
2647	0.0005796724
2369	0.0001591984
2286	0.0001084241
2030	0.0001084241
1888	0.0000682279
1376	0.0003734021
942	0.0005690945
1595	0.0002840183
190	0.0007632001
1808	0.0002977697
1750	0.0002496400
3001	0.0002898362
2823	0.0002919518
2802	0.0004130695
1739	0.0003078188
822	0.0003527751
601	0.0005606321
1610	0.0006082329
231	0.0000962595
981	0.0005759701
779	0.0002142038
697	0.0004347543
551	0.0001338112
504	0.0001348690
343	0.0005151469
1010	0.0004257631
857	0.0004659593
1966	0.0002025680
707	0.0003337348
2698	0.0002417065
1782	0.0007230038
1665	0.0003977314
261	0.0003977314
2439	0.0000534187
2252	0.0004876441
2945	0.0001655451
2933	0.0005542853
2896	0.0002924807
2506	0.0001290512
792	0.0002893073
321	0.0003564774
1248	0.0003131077
1079	0.0005225514
2462	0.0001052507
2422	0.0004982221
1590	0.0006198687
2401	0.0004040782
1652	0.0001581406
1516	0.0005125024
2301	0.0006780475
2053	0.0004384566
924	0.0003792200
863	0.0005093290
760	0.0001348690
2481	0.0003125788
2469	0.0001327534
2027	0.0001010196
531	0.0003686420
1745	0.0002914229
172	0.0000814503
2660	0.0004971643
2594	0.0003400815
2111	0.0003094054
1366	0.0002105015
223	0.0006156375
2124	0.0004411011
1897	0.0004104250
1255	0.0003062321
1043	0.0003067610
721	0.0002903651
669	0.0005162046
282	0.0001311668
2372	0.0002120882
1852	0.0001549672
1505	0.0002406487
420	0.0000639967
989	0.0004855286
639	0.0004580258
1348	0.0002004524
2248	0.0002438221
577	0.0003564774
2809	0.0004151851
1137	0.0003823934
3038	0.0000978462
3017	0.0001470337
2968	0.0003199834
2928	0.0001956923
2766	0.0002871917
1951	0.0004881730
1475	0.0003691709
1417	0.0001734786
1227	0.0001946345
852	0.0005236092
216	0.0002856050
643	0.0003443127
1120	0.0003734021
1794	0.0003892691
1187	0.0003448416
2640	0.0002924807
2636	0.0002819027
2456	0.0003199834
2193	0.0004347543
2092	0.0000449563
676	0.0000639967
1251	0.0003236857
277	0.0004559103
1192	0.0005479385
879	0.0004860574
3006	0.0003940292
2975	0.0004458612
2700	0.0003194545
1183	0.0004585547
1095	0.0002062703
2747	0.0003919136
1444	0.0001465048
2671	0.0005442363
2215	0.0000550054
1883	0.0004056649
1846	0.0006198687
133	0.0001110686
123	0.0004083094
2605	0.0001681896
2600	0.0004003759
2515	0.0004955776
2417	0.0003903269
304	0.0002305996
1828	0.0001274645
1631	0.0004601414
2294	0.0007230038
1369	0.0004659593
56	0.0001581406
1151	0.0005363028
2520	0.0003432549
1204	0.0000417830
839	0.0002062703
306	0.0004024915
70	0.0007494488
54	0.0005225514
2225	0.0005008666
166	0.0001740075
1578	0.0001205888
88	0.0005156757
1009	0.0004257631
30	0.0000676990
466	0.0000962595
403	0.0005220225
134	0.0002057414
2151	0.0001369846
618	0.0002618046
2196	0.0001993946
1904	0.0001819410
1829	0.0001676607
1761	0.0000703435
848	0.0002956541
1629	0.0004485057
2885	0.0001465048
2861	0.0001681896
2755	0.0003199834
2729	0.0003464283
1918	0.0007103103
1455	0.0005331294
1323	0.0003533040
2662	0.0008726820
1492	0.0005209647
703	0.0004479768
1134	0.0005204358
1100	0.0002364175
2716	0.0004098961
2488	0.0001465048
1377	0.0004077805
1461	0.0000735169
185	0.0004347543
2487	0.0001110686
1719	0.0001084241
4	0.0003273880
2669	0.0005775568
1985	0.0003009431
2003	0.0003734021
1691	0.0005156757
