1	0.000471685482591922
2	0.000471685482591922
3	0.000471685482591922
4	0.000466879371415585
5	0.000466879371415585
6	0.000466879371415585
7	0.00034638329835171
8	0.00034638329835171
9	0.00034638329835171
10	0.000224514050666024
11	0.000224514050666024
12	0.000224514050666024
13	0.000316516750327331
14	0.000316516750327331
15	0.000316516750327331
16	0.000240992146127751
17	0.000240992146127751
18	0.000240992146127751
19	0.000331964964822699
20	0.000331964964822699
21	0.000331964964822699
22	0.000305188059697394
23	0.000305188059697394
24	0.000305188059697394
25	0.000351189409528047
26	0.000351189409528047
27	0.000351189409528047
28	0.000224857344321477
29	0.000224857344321477
30	0.000224857344321477
31	0.000409206037299542
32	0.000409206037299542
33	0.000409206037299542
34	0.000213185360036087
35	0.000213185360036087
36	0.000213185360036087
37	0.000387235243350574
38	0.000387235243350574
39	0.000387235243350574
40	0.000189841391465308
41	0.000189841391465308
42	0.000189841391465308
43	0.000380026076586068
44	0.000380026076586068
45	0.000380026076586068
46	0.000248544606547709
47	0.000248544606547709
48	0.000248544606547709
49	0.000434266474147585
50	0.000434266474147585
51	0.000434266474147585
52	0.00029557583734472
53	0.00029557583734472
54	0.00029557583734472
55	7.75843661322958e-05
56	7.75843661322958e-05
57	7.75843661322958e-05
58	5.18373419733481e-05
59	5.18373419733481e-05
60	5.18373419733481e-05
61	0.000312397226461899
62	0.000312397226461899
63	0.000312397226461899
64	0.000355652227048931
65	0.000355652227048931
66	0.000355652227048931
67	0.000361144925536173
68	0.000361144925536173
69	0.000361144925536173
70	0.000381399251207879
71	0.000381399251207879
72	0.000381399251207879
73	0.000328875321923625
74	0.000328875321923625
75	0.000328875321923625
76	0.000363547981124342
77	0.000363547981124342
78	0.000363547981124342
79	0.000390324886249647
80	0.000390324886249647
81	0.000390324886249647
82	0.000271201987807583
83	0.000271201987807583
84	0.000271201987807583
85	0.000229320161842361
86	0.000229320161842361
87	0.000229320161842361
88	0.000232753098396887
89	0.000232753098396887
90	0.000232753098396887
91	0.000412295680198616
92	0.000412295680198616
93	0.000412295680198616
94	0.000577763222126787
95	0.000577763222126787
96	0.000577763222126787
97	0.000361144925536173
98	0.000361144925536173
99	0.000361144925536173
100	0.000325099091713646
101	0.000325099091713646
102	0.000325099091713646
103	0.000545836912169691
104	0.000545836912169691
105	0.000545836912169691
106	0.000443192109189353
107	0.000443192109189353
108	0.000443192109189353
109	0.000367667504989773
110	0.000367667504989773
111	0.000367667504989773
112	0.000274634924362109
113	0.000274634924362109
114	0.000274634924362109
115	0.000275664805328467
116	0.000275664805328467
117	0.000275664805328467
118	0.000251634249446782
119	0.000251634249446782
120	0.000251634249446782
121	0.000399593814946868
122	0.000399593814946868
123	0.000399593814946868
124	0.000304844766041941
125	0.000304844766041941
126	0.000304844766041941
127	0.000599734016075755
128	0.000599734016075755
129	0.000599734016075755
130	0.000545836912169691
131	0.000545836912169691
132	0.000545836912169691
133	0.000521806356288007
134	0.000521806356288007
135	0.000521806356288007
136	0.000395817584736889
137	0.000395817584736889
138	0.000395817584736889
139	0.000528328935741607
140	0.000528328935741607
141	0.000528328935741607
142	0.000433923180492132
143	0.000433923180492132
144	0.000433923180492132
145	0.000553732666245102
146	0.000553732666245102
147	0.000553732666245102
148	0.000322352742470025
149	0.000322352742470025
150	0.000322352742470025
151	0.000172333415037223
152	0.000172333415037223
153	0.000172333415037223
154	0.000100585041047622
155	0.000100585041047622
156	0.000100585041047622
157	0.000550299729690576
158	0.000550299729690576
159	0.000550299729690576
160	0.000311024051840088
161	0.000311024051840088
162	0.000311024051840088
163	0.000509447784691712
164	0.000509447784691712
165	0.000509447784691712
166	0.00038551877507331
167	0.00038551877507331
168	0.00038551877507331
169	0.000338830837931752
170	0.000338830837931752
171	0.000338830837931752
172	0.000370757147888847
173	0.000370757147888847
174	0.000370757147888847
175	0.000578793103093144
176	0.000578793103093144
177	0.000578793103093144
178	0.000537941158094281
179	0.000537941158094281
180	0.000537941158094281
181	0.00029042643251293
182	0.00029042643251293
183	0.00029042643251293
184	0.000301411829487415
185	0.000301411829487415
186	0.000301411829487415
187	0.000501895324271754
188	0.000501895324271754
189	0.000501895324271754
190	0.000546523499480597
191	0.000546523499480597
192	0.000546523499480597
193	8.68532948295169e-05
194	8.68532948295169e-05
195	8.68532948295169e-05
196	0.000472028776247375
197	0.000472028776247375
198	0.000472028776247375
199	8.06740090313695e-05
200	8.06740090313695e-05
201	8.06740090313695e-05
202	0.000368010798645226
203	0.000368010798645226
204	0.000368010798645226
205	0.000107450914156675
206	0.000107450914156675
207	0.000107450914156675
208	0.000464476315827417
209	0.000464476315827417
210	0.000464476315827417
211	5.83599214269481e-05
212	5.83599214269481e-05
213	5.83599214269481e-05
214	0.000309650877218278
215	0.000309650877218278
216	0.000309650877218278
217	8.9599644073138e-05
218	8.9599644073138e-05
219	8.9599644073138e-05
220	0.0003841456004515
221	0.0003841456004515
222	0.0003841456004515
223	0.000148302859155539
224	0.000148302859155539
225	0.000148302859155539
226	0.000557165602799628
227	0.000557165602799628
228	0.000557165602799628
229	0.000147616271844634
230	0.000147616271844634
231	0.000147616271844634
232	0.000521119768977102
233	0.000521119768977102
234	0.000521119768977102
235	9.37191679385697e-05
236	9.37191679385697e-05
237	9.37191679385697e-05
238	0.000445938458432974
239	0.000445938458432974
240	0.000445938458432974
241	0.00012633206520657
242	0.00012633206520657
243	0.00012633206520657
244	0.000470312307970111
245	0.000470312307970111
246	0.000470312307970111
247	4.9090992729727e-05
248	4.9090992729727e-05
249	4.9090992729727e-05
250	0.00013800404949196
251	0.00013800404949196
252	0.00013800404949196
253	0.000116033255542991
254	0.000116033255542991
255	0.000116033255542991
256	0.000513910602212596
257	0.000513910602212596
258	0.000513910602212596
259	7.72410724768431e-05
260	7.72410724768431e-05
261	7.72410724768431e-05
262	0.000496059332129059
263	0.000496059332129059
264	0.000496059332129059
265	7.31215486114115e-05
266	7.31215486114115e-05
267	7.31215486114115e-05
268	0.00033333813944451
269	0.00033333813944451
270	0.00033333813944451
271	8.99429377285907e-05
272	8.99429377285907e-05
273	8.99429377285907e-05
274	0.000355652227048931
275	0.000355652227048931
276	0.000355652227048931
277	5.25239292842533e-05
278	5.25239292842533e-05
279	5.25239292842533e-05
280	0.000228633574531456
281	0.000228633574531456
282	0.000228633574531456
283	8.51368265522538e-05
284	8.51368265522538e-05
285	8.51368265522538e-05
286	0.000509447784691712
287	0.000509447784691712
288	0.000509447784691712
289	0.000223484169699666
290	0.000223484169699666
291	0.000223484169699666
292	0.000366980917678868
293	0.000366980917678868
294	0.000366980917678868
295	0.00019018468512076
296	0.00019018468512076
297	0.00019018468512076
298	0.000265022702009435
299	0.000265022702009435
300	0.000265022702009435
301	0.000172333415037223
302	0.000172333415037223
303	0.000172333415037223
304	0.000212498772725182
305	0.000212498772725182
306	0.000212498772725182
307	0.000194647502641645
308	0.000194647502641645
309	0.000194647502641645
310	0.000290083138857477
311	0.000290083138857477
312	0.000290083138857477
313	0.000193274328019834
314	0.000193274328019834
315	0.000193274328019834
316	0.00024614155095954
317	0.00024614155095954
318	0.00024614155095954
319	0.000210095717137013
320	0.000210095717137013
321	0.000210095717137013
322	0.000223827463355119
323	0.000223827463355119
324	0.000223827463355119
325	0.000190527978776213
326	0.000190527978776213
327	0.000190527978776213
328	0.000178512700835371
329	0.000178512700835371
330	0.000178512700835371
331	0.000256783654278572
332	0.000256783654278572
333	0.000256783654278572
334	0.000286306908647499
335	0.000286306908647499
336	0.000286306908647499
337	0.000254380598690403
338	0.000254380598690403
339	0.000254380598690403
340	0.000229320161842361
341	0.000229320161842361
342	0.000229320161842361
343	4.87476990742743e-05
344	4.87476990742743e-05
345	4.87476990742743e-05
346	4.73745244524638e-05
347	4.73745244524638e-05
348	4.73745244524638e-05
349	0.000189841391465308
350	0.000189841391465308
351	0.000189841391465308
352	0.000155512025920044
353	0.000155512025920044
354	0.000155512025920044
355	0.000216961590246066
356	0.000216961590246066
357	0.000216961590246066
358	0.000276008098983919
359	0.000276008098983919
360	0.000276008098983919
361	0.00022794698722055
362	0.00022794698722055
363	0.00022794698722055
364	0.000443535402844806
365	0.000443535402844806
366	0.000443535402844806
367	0.000240648852472298
368	0.000240648852472298
369	0.000240648852472298
370	0.000336427782343583
371	0.000336427782343583
372	0.000336427782343583
373	0.000153795557642781
374	0.000153795557642781
375	0.000153795557642781
376	0.00025129095579133
377	0.00025129095579133
378	0.00025129095579133
379	0.000344323536418994
380	0.000344323536418994
381	0.000344323536418994
382	0.000670795802754451
383	0.000670795802754451
384	0.000670795802754451
385	0.000293172781756551
386	0.000293172781756551
387	0.000293172781756551
388	0.000250604368480424
389	0.000250604368480424
390	0.000250604368480424
391	0.000388951711627837
392	0.000388951711627837
393	0.000388951711627837
394	0.000178855994490823
395	0.000178855994490823
396	0.000178855994490823
397	0.000275664805328467
398	0.000275664805328467
399	0.000275664805328467
400	0.000150705914743707
401	0.000150705914743707
402	0.000150705914743707
403	0.000200140201128887
404	0.000200140201128887
405	0.000200140201128887
406	0.000154825438609139
407	0.000154825438609139
408	0.000154825438609139
409	0.000375906552720637
410	0.000375906552720637
411	0.000375906552720637
412	0.000203573137683413
413	0.000203573137683413
414	0.000203573137683413
415	0.000478208062045522
416	0.000478208062045522
417	0.000478208062045522
418	0.000246828138270445
419	0.000246828138270445
420	0.000246828138270445
421	0.000423967664484006
422	0.000423967664484006
423	0.000423967664484006
424	0.000227603693565098
425	0.000227603693565098
426	0.000227603693565098
427	0.000364234568435247
428	0.000364234568435247
429	0.000364234568435247
430	0.000254380598690403
431	0.000254380598690403
432	0.000254380598690403
433	0.000391698060871458
434	0.000391698060871458
435	0.000391698060871458
436	0.000199453613817982
437	0.000199453613817982
438	0.000199453613817982
439	0.000105734445879412
440	0.000105734445879412
441	0.000105734445879412
442	4.32550005870322e-05
443	4.32550005870322e-05
444	4.32550005870322e-05
445	0.00032818873461272
446	0.00032818873461272
447	0.00032818873461272
448	0.000156885200541855
449	0.000156885200541855
450	0.000156885200541855
451	0.000321322861503667
452	0.000321322861503667
453	0.000321322861503667
454	0.000236529328606866
455	0.000236529328606866
456	0.000236529328606866
457	0.000288023376924762
458	0.000288023376924762
459	0.000288023376924762
460	0.000239962265161393
461	0.000239962265161393
462	0.000239962265161393
463	0.0003776230209979
464	0.0003776230209979
465	0.0003776230209979
466	0.000203229844027961
467	0.000203229844027961
468	0.000203229844027961
469	0.000276351392639372
470	0.000276351392639372
471	0.000276351392639372
472	0.000164780954617265
473	0.000164780954617265
474	0.000164780954617265
475	0.000327158853646362
476	0.000327158853646362
477	0.000327158853646362
478	0.00029557583734472
479	0.00029557583734472
480	0.00029557583734472
481	0.000281844091126614
482	0.000281844091126614
483	0.000281844091126614
484	0.000275321511673014
485	0.000275321511673014
486	0.000275321511673014
487	0.000437356117046658
488	0.000437356117046658
489	0.000437356117046658
490	0.000386891949695121
491	0.000386891949695121
492	0.000386891949695121
493	0.000316516750327331
494	0.000316516750327331
495	0.000316516750327331
496	0.000250947662135877
497	0.000250947662135877
498	0.000250947662135877
499	0.00018881151049895
500	0.00018881151049895
501	0.00018881151049895
502	0.000186065161255329
503	0.000186065161255329
504	0.000186065161255329
505	0.000358055282637099
506	0.000358055282637099
507	0.000358055282637099
508	0.000342950361797183
509	0.000342950361797183
510	0.000342950361797183
511	0.000435296355113943
512	0.000435296355113943
513	0.000435296355113943
514	0.000737738065567715
515	0.000737738065567715
516	0.000737738065567715
517	0.000542060681959712
518	0.000542060681959712
519	0.000542060681959712
520	0.000439415878979374
521	0.000439415878979374
522	0.000439415878979374
523	0.000491253220952722
524	0.000491253220952722
525	0.000491253220952722
526	0.000495716038473607
527	0.000495716038473607
528	0.000495716038473607
529	0.000519060007044386
530	0.000519060007044386
531	0.000519060007044386
532	0.000285277027681141
533	0.000285277027681141
534	0.000285277027681141
535	0.000268455638563961
536	0.000268455638563961
537	0.000268455638563961
538	0.000120152779408423
539	0.000120152779408423
540	0.000120152779408423
541	0.000514597189523502
542	0.000514597189523502
543	0.000514597189523502
544	0.000273261749740298
545	0.000273261749740298
546	0.000273261749740298
547	0.000478551355700975
548	0.000478551355700975
549	0.000478551355700975
550	0.000381055957552426
551	0.000381055957552426
552	0.000381055957552426
553	0.000299008773899246
554	0.000299008773899246
555	0.000299008773899246
556	0.000300381948521057
557	0.000300381948521057
558	0.000300381948521057
559	0.000608316357462071
560	0.000608316357462071
561	0.000608316357462071
562	0.000579136396748597
563	0.000579136396748597
564	0.000579136396748597
565	0.000319263099570952
566	0.000319263099570952
567	0.000319263099570952
568	0.000278411154572088
569	0.000278411154572088
570	0.000278411154572088
571	0.000460700085617438
572	0.000460700085617438
573	0.000460700085617438
574	0.000507388022758996
575	0.000507388022758996
576	0.000507388022758996
577	7.8270953443201e-05
578	7.8270953443201e-05
579	7.8270953443201e-05
580	0.000308964289907373
581	0.000308964289907373
582	0.000308964289907373
583	0.000142123573357391
584	0.000142123573357391
585	0.000142123573357391
586	0.000315486869360973
587	0.000315486869360973
588	0.000315486869360973
589	0.000107794207812128
590	0.000107794207812128
591	0.000107794207812128
592	0.000315830163016425
593	0.000315830163016425
594	0.000315830163016425
595	4.94342863851796e-05
596	4.94342863851796e-05
597	4.94342863851796e-05
598	0.000204946312305224
599	0.000204946312305224
600	0.000204946312305224
601	0.000134914406592886
602	0.000134914406592886
603	0.000134914406592886
604	0.000391011473560553
605	0.000391011473560553
606	0.000391011473560553
607	0.00025918670986674
608	0.00025918670986674
609	0.00025918670986674
610	0.00068624401724982
611	0.00068624401724982
612	0.00068624401724982
613	0.000300381948521057
614	0.000300381948521057
615	0.000300381948521057
616	0.000639899373763714
617	0.000639899373763714
618	0.000639899373763714
619	0.000134227819281981
620	0.000134227819281981
621	0.000134227819281981
622	0.000489193459020006
623	0.000489193459020006
624	0.000489193459020006
625	0.000145213216256465
626	0.000145213216256465
627	0.000145213216256465
628	0.000348786353939878
629	0.000348786353939878
630	0.000348786353939878
631	0.000150705914743707
632	0.000150705914743707
633	0.000150705914743707
634	0.000136974168525602
635	0.000136974168525602
636	0.000136974168525602
637	0.000226230518943287
638	0.000226230518943287
639	0.000226230518943287
640	0.000352219290494405
641	0.000352219290494405
642	0.000352219290494405
643	0.000134914406592886
644	0.000134914406592886
645	0.000134914406592886
646	0.000404399926123205
647	0.000404399926123205
648	0.000404399926123205
649	7.14050803341483e-05
650	7.14050803341483e-05
651	7.14050803341483e-05
652	0.000249917781169519
653	0.000249917781169519
654	0.000249917781169519
655	0.000131824763693812
656	0.000131824763693812
657	0.000131824763693812
658	0.000308277702596467
659	0.000308277702596467
660	0.000308277702596467
661	7.62111915104852e-05
662	7.62111915104852e-05
663	7.62111915104852e-05
664	0.000222797582388761
665	0.000222797582388761
666	0.000222797582388761
667	6.65989691578114e-05
668	6.65989691578114e-05
669	6.65989691578114e-05
670	0.000376249846376089
671	0.000376249846376089
672	0.000376249846376089
673	0.000322352742470025
674	0.000322352742470025
675	0.000322352742470025
676	0.000328875321923625
677	0.000328875321923625
678	0.000328875321923625
679	0.000330591790200889
680	0.000330591790200889
681	0.000330591790200889
682	0.000324412504402741
683	0.000324412504402741
684	0.000324412504402741
685	0.000285620321336593
686	0.000285620321336593
687	0.000285620321336593
688	0.000251634249446782
689	0.000251634249446782
690	0.000251634249446782
691	0.000196707264574361
692	0.000196707264574361
693	0.000196707264574361
694	0.00025129095579133
695	0.00025129095579133
696	0.00025129095579133
697	0.00041538532309769
698	0.00041538532309769
699	0.00041538532309769
700	0.000379339489275163
701	0.000379339489275163
702	0.000379339489275163
703	0.000528328935741607
704	0.000528328935741607
705	0.000528328935741607
706	0.000515627070489859
707	0.000515627070489859
708	0.000515627070489859
709	0.000558882071076892
710	0.000558882071076892
711	0.000558882071076892
712	0.000412295680198616
713	0.000412295680198616
714	0.000412295680198616
715	0.000533135046917944
716	0.000533135046917944
717	0.000533135046917944
718	0.000521119768977102
719	0.000521119768977102
720	0.000521119768977102
721	0.00042843048200489
722	0.00042843048200489
723	0.00042843048200489
724	0.00030347159142013
725	0.00030347159142013
726	0.00030347159142013
727	0.000140407105080128
728	0.000140407105080128
729	0.000140407105080128
730	6.96886120568851e-05
731	6.96886120568851e-05
732	6.96886120568851e-05
733	0.000424654251794911
734	0.000424654251794911
735	0.000424654251794911
736	0.000228976868186908
737	0.000228976868186908
738	0.000228976868186908
739	0.000397877346669605
740	0.000397877346669605
741	0.000397877346669605
742	0.000345353417385352
743	0.000345353417385352
744	0.000345353417385352
745	0.000331621671167246
746	0.000331621671167246
747	0.000331621671167246
748	0.000426027426416721
749	0.000426027426416721
750	0.000426027426416721
751	0.000430833537593058
752	0.000430833537593058
753	0.000430833537593058
754	0.000439759172634827
755	0.000439759172634827
756	0.000439759172634827
757	0.000327502147301815
758	0.000327502147301815
759	0.000327502147301815
760	0.000332308258478152
761	0.000332308258478152
762	0.000332308258478152
763	0.000512194133935333
764	0.000512194133935333
765	0.000512194133935333
766	0.000638182905486451
767	0.000638182905486451
768	0.000638182905486451
769	0.000445595164777522
770	0.000445595164777522
771	0.000445595164777522
772	0.000228976868186908
773	0.000228976868186908
774	0.000228976868186908
775	0.000556479015488723
776	0.000556479015488723
777	0.000556479015488723
778	0.00017713952621356
779	0.00017713952621356
780	0.00017713952621356
781	0.000467222665071038
782	0.000467222665071038
783	0.000467222665071038
784	0.000156198613230949
785	0.000156198613230949
786	0.000156198613230949
787	0.000374190084443373
788	0.000374190084443373
789	0.000374190084443373
790	0.000184005399322613
791	0.000184005399322613
792	0.000184005399322613
793	0.000457953736373817
794	0.000457953736373817
795	0.000457953736373817
796	0.000136974168525602
797	0.000136974168525602
798	0.000136974168525602
799	0.000848278622623464
800	0.000848278622623464
801	0.000848278622623464
802	0.00022005123314514
803	0.00022005123314514
804	0.00022005123314514
805	0.000575703460194071
806	0.000575703460194071
807	0.000575703460194071
808	0.000153452263987328
809	0.000153452263987328
810	0.000153452263987328
811	0.000637839611830998
812	0.000637839611830998
813	0.000637839611830998
814	0.000201170082095245
815	0.000201170082095245
816	0.000201170082095245
817	0.000698945882501567
818	0.000698945882501567
819	0.000698945882501567
820	0.000242365320749561
821	0.000242365320749561
822	0.000242365320749561
823	0.000192931034364381
824	0.000192931034364381
825	0.000192931034364381
826	4.80611117633691e-05
827	4.80611117633691e-05
828	4.80611117633691e-05
829	0.000632346913343756
830	0.000632346913343756
831	0.000632346913343756
832	0.00020700607423794
833	0.00020700607423794
834	0.00020700607423794
835	0.000652944532670914
836	0.000652944532670914
837	0.000652944532670914
838	0.000237215915917772
839	0.000237215915917772
840	0.000237215915917772
841	0.000371443735199752
842	0.000371443735199752
843	0.000371443735199752
844	0.000215931709279708
845	0.000215931709279708
846	0.000215931709279708
847	0.000616555405192935
848	0.000616555405192935
849	0.000616555405192935
850	0.00020837924885975
851	0.00020837924885975
852	0.00020837924885975
853	0.000337114369654489
854	0.000337114369654489
855	0.000337114369654489
856	0.000138347343147412
857	0.000138347343147412
858	0.000138347343147412
859	0.000511507546624428
860	0.000511507546624428
861	0.000511507546624428
862	0.000317889924949141
863	0.000317889924949141
864	0.000317889924949141
865	8.03307153759169e-05
866	8.03307153759169e-05
867	8.03307153759169e-05
868	6.0419683359664e-05
869	6.0419683359664e-05
870	6.0419683359664e-05
871	0.000155855319575497
872	0.000155855319575497
873	0.000155855319575497
874	0.000131824763693812
875	0.000131824763693812
876	0.000131824763693812
877	0.000118779604786612
878	0.000118779604786612
879	0.000118779604786612
880	7.27782549559589e-05
881	7.27782549559589e-05
882	7.27782549559589e-05
883	6.3166032603285e-05
884	6.3166032603285e-05
885	6.3166032603285e-05
886	3.74190084443373e-05
887	3.74190084443373e-05
888	3.74190084443373e-05
889	0.000125302184240212
890	0.000125302184240212
891	0.000125302184240212
892	8.75398821404222e-05
893	8.75398821404222e-05
894	8.75398821404222e-05
895	0.000286650202302951
896	0.000286650202302951
897	0.000286650202302951
898	0.000199796907473434
899	0.000199796907473434
900	0.000199796907473434
901	0.000261589765454909
902	0.000261589765454909
903	0.000261589765454909
904	0.000120496073063875
905	0.000120496073063875
906	0.000120496073063875
907	0.000186065161255329
908	0.000186065161255329
909	0.000186065161255329
910	0.000108480795123033
911	0.000108480795123033
912	0.000108480795123033
913	0.000189498097809855
914	0.000189498097809855
915	0.000189498097809855
916	6.52257945360009e-05
917	6.52257945360009e-05
918	6.52257945360009e-05
919	0.000184005399322613
920	0.000184005399322613
921	0.000184005399322613
922	5.38971039060639e-05
923	5.38971039060639e-05
924	5.38971039060639e-05
925	0.00026433611469853
926	0.00026433611469853
927	0.00026433611469853
928	8.78831757958748e-05
929	8.78831757958748e-05
930	8.78831757958748e-05
931	0.00016272119268455
932	0.00016272119268455
933	0.00016272119268455
934	8.30770646195379e-05
935	8.30770646195379e-05
936	8.30770646195379e-05
937	7.72410724768431e-05
938	7.72410724768431e-05
939	7.72410724768431e-05
940	5.73300404605902e-05
941	5.73300404605902e-05
942	5.73300404605902e-05
943	0.000185035280288971
944	0.000185035280288971
945	0.000185035280288971
946	0.000136630874870149
947	0.000136630874870149
948	0.000136630874870149
949	8.41069455858958e-05
950	8.41069455858958e-05
951	8.41069455858958e-05
952	6.52257945360009e-05
953	6.52257945360009e-05
954	6.52257945360009e-05
955	0.000129765001761096
956	0.000129765001761096
957	0.000129765001761096
958	7.4494723233222e-05
959	7.4494723233222e-05
960	7.4494723233222e-05
961	8.23904773086327e-05
962	8.23904773086327e-05
963	8.23904773086327e-05
964	0.000384832187762405
965	0.000384832187762405
966	0.000384832187762405
967	0.000163751073650907
968	0.000163751073650907
969	0.000163751073650907
970	0.000443878696500258
971	0.000443878696500258
972	0.000443878696500258
973	0.000139720517769223
974	0.000139720517769223
975	0.000139720517769223
976	0.000418818259652216
977	0.000418818259652216
978	0.000418818259652216
979	6.45392072250956e-05
980	6.45392072250956e-05
981	6.45392072250956e-05
982	0.000235156153985056
983	0.000235156153985056
984	0.000235156153985056
985	0.000110197263400296
986	0.000110197263400296
987	0.000110197263400296
988	0.000420191434274027
989	0.000420191434274027
990	0.000420191434274027
991	0.000304844766041941
992	0.000304844766041941
993	0.000304844766041941
994	0.000874025646782412
995	0.000874025646782412
996	0.000874025646782412
997	0.00027738127360573
998	0.00027738127360573
999	0.00027738127360573
1000	0.000767947907247547
1001	0.000767947907247547
1002	0.000767947907247547
1003	0.000166497422894529
1004	0.000166497422894529
1005	0.000166497422894529
1006	0.00052352282456527
1007	0.00052352282456527
1008	0.00052352282456527
1009	0.000183318812011708
1010	0.000183318812011708
1011	0.000183318812011708
1012	0.000481297704944596
1013	0.000481297704944596
1014	0.000481297704944596
1015	0.000159631549785476
1016	0.000159631549785476
1017	0.000159631549785476
1018	0.00021490182831335
1019	0.00021490182831335
1020	0.00021490182831335
1021	0.00032166615515912
1022	0.00032166615515912
1023	0.00032166615515912
1024	0.000563688182253228
1025	0.000563688182253228
1026	0.000563688182253228
1027	0.000161691311718192
1028	0.000161691311718192
1029	0.000161691311718192
1030	0.000569180880740471
1031	0.000569180880740471
1032	0.000569180880740471
1033	8.06740090313695e-05
1034	8.06740090313695e-05
1035	8.06740090313695e-05
1036	0.000285963614992046
1037	0.000285963614992046
1038	0.000285963614992046
1039	0.000196020677263455
1040	0.000196020677263455
1041	0.000196020677263455
1042	0.000432893299525774
1043	0.000432893299525774
1044	0.000432893299525774
1045	8.61667075186117e-05
1046	8.61667075186117e-05
1047	8.61667075186117e-05
1048	0.000277037979950277
1049	0.000277037979950277
1050	0.000277037979950277
1051	9.3375874283117e-05
1052	9.3375874283117e-05
1053	9.3375874283117e-05
1054	0.00049090992729727
1055	0.00049090992729727
1056	0.00049090992729727
1057	0.000399937108602321
1058	0.000399937108602321
1059	0.000399937108602321
1060	0.000310337464529183
1061	0.000310337464529183
1062	0.000310337464529183
1063	0.000525925880153439
1064	0.000525925880153439
1065	0.000525925880153439
1066	0.000346040004696257
1067	0.000346040004696257
1068	0.000346040004696257
1069	0.000340890599864468
1070	0.000340890599864468
1071	0.000340890599864468
1072	0.000229320161842361
1073	0.000229320161842361
1074	0.000229320161842361
1075	0.000303128297764678
1076	0.000303128297764678
1077	0.000303128297764678
1078	0.000265365995664888
1079	0.000265365995664888
1080	0.000265365995664888
1081	0.000526612467464344
1082	0.000526612467464344
1083	0.000526612467464344
1084	0.00032681555999091
1085	0.00032681555999091
1086	0.00032681555999091
1087	0.000697572707879757
1088	0.000697572707879757
1089	0.000697572707879757
1090	0.000411952386543163
1091	0.000411952386543163
1092	0.000411952386543163
1093	0.000677318382208051
1094	0.000677318382208051
1095	0.000677318382208051
1096	0.000285620321336593
1097	0.000285620321336593
1098	0.000285620321336593
1099	0.000702035525400641
1100	0.000702035525400641
1101	0.000702035525400641
1102	0.000389295005283289
1103	0.000389295005283289
1104	0.000389295005283289
1105	0.000701005644434283
1106	0.000701005644434283
1107	0.000701005644434283
1108	0.00028253067843752
1109	0.00028253067843752
1110	0.00028253067843752
1111	0.000245798257304087
1112	0.000245798257304087
1113	0.000245798257304087
1114	7.27782549559589e-05
1115	7.27782549559589e-05
1116	7.27782549559589e-05
1117	0.00069276659670342
1118	0.00069276659670342
1119	0.00069276659670342
1120	0.000240305558816845
1121	0.000240305558816845
1122	0.000240305558816845
1123	0.000768634494558452
1124	0.000768634494558452
1125	0.000768634494558452
1126	0.000406802981711374
1127	0.000406802981711374
1128	0.000406802981711374
1129	0.000384488894106952
1130	0.000384488894106952
1131	0.000384488894106952
1132	0.000449714688642953
1133	0.000449714688642953
1134	0.000449714688642953
1135	0.000644018897629145
1136	0.000644018897629145
1137	0.000644018897629145
1138	0.000542060681959712
1139	0.000542060681959712
1140	0.000542060681959712
1141	0.000338487544276299
1142	0.000338487544276299
1143	0.000338487544276299
1144	0.000348099766628973
1145	0.000348099766628973
1146	0.000348099766628973
1147	0.000604883420907545
1148	0.000604883420907545
1149	0.000604883420907545
1150	0.000616898698848387
1151	0.000616898698848387
1152	0.000616898698848387
1153	0.0003776230209979
1154	0.0003776230209979
1155	0.0003776230209979
1156	0.000428087188349437
1157	0.000428087188349437
1158	0.000428087188349437
1159	0.000354965639738026
1160	0.000354965639738026
1161	0.000354965639738026
1162	0.00025129095579133
1163	0.00025129095579133
1164	0.00025129095579133
1165	0.000322352742470025
1166	0.000322352742470025
1167	0.000322352742470025
1168	0.000213185360036087
1169	0.000213185360036087
1170	0.000213185360036087
1171	0.000271201987807583
1172	0.000271201987807583
1173	0.000271201987807583
1174	0.000332308258478152
1175	0.000332308258478152
1176	0.000332308258478152
1177	0.000336084488688131
1178	0.000336084488688131
1179	0.000336084488688131
1180	0.000223140876044213
1181	0.000223140876044213
1182	0.000223140876044213
1183	0.000340547306209015
1184	0.000340547306209015
1185	0.000340547306209015
1186	0.000188468216843497
1187	0.000188468216843497
1188	0.000188468216843497
1189	0.000366294330367963
1190	0.000366294330367963
1191	0.000366294330367963
1192	0.000212842066380634
1193	0.000212842066380634
1194	0.000212842066380634
1195	0.000340890599864468
1196	0.000340890599864468
1197	0.000340890599864468
1198	0.000231379923775077
1199	0.000231379923775077
1200	0.000231379923775077
1201	0.000348443060284426
1202	0.000348443060284426
1203	0.000348443060284426
1204	0.000257470241589477
1205	0.000257470241589477
1206	0.000257470241589477
1207	6.79721437796219e-05
1208	6.79721437796219e-05
1209	6.79721437796219e-05
1210	4.22251196206742e-05
1211	4.22251196206742e-05
1212	4.22251196206742e-05
1213	0.00030209841679832
1214	0.00030209841679832
1215	0.00030209841679832
1216	0.000202886550372508
1217	0.000202886550372508
1218	0.000202886550372508
1219	0.000340890599864468
1220	0.000340890599864468
1221	0.000340890599864468
1222	0.000340890599864468
1223	0.000340890599864468
1224	0.000340890599864468
1225	0.000322696036125478
1226	0.000322696036125478
1227	0.000322696036125478
1228	0.000362174806502531
1229	0.000362174806502531
1230	0.000362174806502531
1231	0.000368354092300679
1232	0.000368354092300679
1233	0.000368354092300679
1234	0.000232409804741435
1235	0.000232409804741435
1236	0.000232409804741435
1237	0.000259873297177646
1238	0.000259873297177646
1239	0.000259873297177646
1240	0.000201170082095245
1241	0.000201170082095245
1242	0.000201170082095245
1243	0.000461386672928343
1244	0.000461386672928343
1245	0.000461386672928343
1246	0.000542060681959712
1247	0.000542060681959712
1248	0.000542060681959712
1249	0.000357368695326194
1250	0.000357368695326194
1251	0.000357368695326194
1252	0.000306217940663751
1253	0.000306217940663751
1254	0.000306217940663751
1255	0.000504641673515375
1256	0.000504641673515375
1257	0.000504641673515375
1258	0.000474775125490996
1259	0.000474775125490996
1260	0.000474775125490996
1261	0.000372816909821563
1262	0.000372816909821563
1263	0.000372816909821563
1264	0.000283217265748425
1265	0.000283217265748425
1266	0.000283217265748425
1267	0.000258156828900382
1268	0.000258156828900382
1269	0.000258156828900382
1270	0.000250261074824972
1271	0.000250261074824972
1272	0.000250261074824972
1273	0.000378309608308805
1274	0.000378309608308805
1275	0.000378309608308805
1276	0.000318919805915499
1277	0.000318919805915499
1278	0.000318919805915499
1279	0.000476148300112806
1280	0.000476148300112806
1281	0.000476148300112806
1282	0.000549956436035123
1283	0.000549956436035123
1284	0.000549956436035123
1285	0.000503268498893565
1286	0.000503268498893565
1287	0.000503268498893565
1288	0.000406802981711374
1289	0.000406802981711374
1290	0.000406802981711374
1291	0.000479581236667333
1292	0.000479581236667333
1293	0.000479581236667333
1294	0.000524209411876175
1295	0.000524209411876175
1296	0.000524209411876175
1297	0.000519403300699838
1298	0.000519403300699838
1299	0.000519403300699838
1300	0.000313427107428257
1301	0.000313427107428257
1302	0.000313427107428257
1303	0.000202543256717055
1304	0.000202543256717055
1305	0.000202543256717055
1306	0.000126675358862023
1307	0.000126675358862023
1308	0.000126675358862023
1309	0.000507731316414449
1310	0.000507731316414449
1311	0.000507731316414449
1312	0.000281157503815709
1313	0.000281157503815709
1314	0.000281157503815709
1315	0.000579822984059502
1316	0.000579822984059502
1317	0.000579822984059502
1318	0.000440102466290279
1319	0.000440102466290279
1320	0.000440102466290279
1321	0.000369727266922489
1322	0.000369727266922489
1323	0.000369727266922489
1324	0.0004232810771731
1325	0.0004232810771731
1326	0.0004232810771731
1327	0.00066152687405723
1328	0.00066152687405723
1329	0.00066152687405723
1330	0.000578793103093144
1331	0.000578793103093144
1332	0.000578793103093144
1333	0.000350846115872594
1334	0.000350846115872594
1335	0.000350846115872594
1336	0.000340204012553562
1337	0.000340204012553562
1338	0.000340204012553562
1339	0.000627540802167419
1340	0.000627540802167419
1341	0.000627540802167419
1342	0.000699975763467925
1343	0.000699975763467925
1344	0.000699975763467925
1345	9.88685727703592e-05
1346	9.88685727703592e-05
1347	9.88685727703592e-05
1348	0.00044799822036569
1349	0.00044799822036569
1350	0.00044799822036569
1351	0.000122212541341138
1352	0.000122212541341138
1353	0.000122212541341138
1354	0.000374190084443373
1355	0.000374190084443373
1356	0.000374190084443373
1357	8.9599644073138e-05
1358	8.9599644073138e-05
1359	8.9599644073138e-05
1360	0.000314800282050067
1361	0.000314800282050067
1362	0.000314800282050067
1363	6.24794452923798e-05
1364	6.24794452923798e-05
1365	6.24794452923798e-05
1366	0.000317889924949141
1367	0.000317889924949141
1368	0.000317889924949141
1369	9.98984537367171e-05
1370	9.98984537367171e-05
1371	9.98984537367171e-05
1372	0.000382429132174237
1373	0.000382429132174237
1374	0.000382429132174237
1375	0.000123585715962949
1376	0.000123585715962949
1377	0.000123585715962949
1378	0.00051047766565807
1379	0.00051047766565807
1380	0.00051047766565807
1381	0.000109167382433938
1382	0.000109167382433938
1383	0.000109167382433938
1384	0.000461729966583796
1385	0.000461729966583796
1386	0.000461729966583796
1387	9.3375874283117e-05
1388	9.3375874283117e-05
1389	9.3375874283117e-05
1390	0.000512194133935333
1391	0.000512194133935333
1392	0.000512194133935333
1393	0.00010161492201398
1394	0.00010161492201398
1395	0.00010161492201398
1396	0.000354622346082573
1397	0.000354622346082573
1398	0.000354622346082573
1399	5.11507546624428e-05
1400	5.11507546624428e-05
1401	5.11507546624428e-05
1402	0.00013800404949196
1403	0.00013800404949196
1404	0.00013800404949196
1405	0.000109167382433938
1406	0.000109167382433938
1407	0.000109167382433938
1408	0.000320636274192762
1409	0.000320636274192762
1410	0.000320636274192762
1411	9.54356362158328e-05
1412	9.54356362158328e-05
1413	9.54356362158328e-05
1414	0.000529702110363418
1415	0.000529702110363418
1416	0.000529702110363418
1417	7.00319057123378e-05
1418	7.00319057123378e-05
1419	7.00319057123378e-05
1420	0.000327158853646362
1421	0.000327158853646362
1422	0.000327158853646362
1423	8.78831757958748e-05
1424	8.78831757958748e-05
1425	8.78831757958748e-05
1426	0.000331964964822699
1427	0.000331964964822699
1428	0.000331964964822699
1429	5.42403975615165e-05
1430	5.42403975615165e-05
1431	5.42403975615165e-05
1432	0.000246828138270445
1433	0.000246828138270445
1434	0.000246828138270445
1435	8.68532948295169e-05
1436	8.68532948295169e-05
1437	8.68532948295169e-05
1438	0.000575016872883166
1439	0.000575016872883166
1440	0.000575016872883166
1441	0.000361488219191626
1442	0.000361488219191626
1443	0.000361488219191626
1444	0.000539657626371544
1445	0.000539657626371544
1446	0.000539657626371544
1447	0.000366980917678868
1448	0.000366980917678868
1449	0.000366980917678868
1450	0.000554075959900555
1451	0.000554075959900555
1452	0.000554075959900555
1453	0.000310680758184636
1454	0.000310680758184636
1455	0.000310680758184636
1456	0.000399593814946868
1457	0.000399593814946868
1458	0.000399593814946868
1459	0.000299008773899246
1460	0.000299008773899246
1461	0.000299008773899246
1462	0.000626854214856514
1463	0.000626854214856514
1464	0.000626854214856514
1465	0.00034775647297352
1466	0.00034775647297352
1467	0.00034775647297352
1468	0.000474431831835543
1469	0.000474431831835543
1470	0.000474431831835543
1471	0.000389638298938742
1472	0.000389638298938742
1473	0.000389638298938742
1474	0.000484730641499122
1475	0.000484730641499122
1476	0.000484730641499122
1477	0.000411609092887711
1478	0.000411609092887711
1479	0.000411609092887711
1480	0.000404399926123205
1481	0.000404399926123205
1482	0.000404399926123205
1483	0.000475461712801901
1484	0.000475461712801901
1485	0.000475461712801901
1486	0.000564374769564134
1487	0.000564374769564134
1488	0.000564374769564134
1489	0.000397877346669605
1490	0.000397877346669605
1491	0.000397877346669605
1492	0.000463789728516511
1493	0.000463789728516511
1494	0.000463789728516511
1495	9.88685727703592e-05
1496	9.88685727703592e-05
1497	9.88685727703592e-05
1498	9.92118664258118e-05
1499	9.92118664258118e-05
1500	9.92118664258118e-05
1501	0.000383459013140595
1502	0.000383459013140595
1503	0.000383459013140595
1504	0.000336084488688131
1505	0.000336084488688131
1506	0.000336084488688131
1507	0.000431520124903964
1508	0.000431520124903964
1509	0.000431520124903964
1510	0.000590808381033987
1511	0.000590808381033987
1512	0.000590808381033987
1513	0.000401996870535037
1514	0.000401996870535037
1515	0.000401996870535037
1516	0.000809486439557316
1517	0.000809486439557316
1518	0.000809486439557316
1519	0.000471685482591922
1520	0.000471685482591922
1521	0.000471685482591922
1522	0.000630630445066493
1523	0.000630630445066493
1524	0.000630630445066493
1525	0.000328532028268173
1526	0.000328532028268173
1527	0.000328532028268173
1528	0.000486103816120933
1529	0.000486103816120933
1530	0.000486103816120933
1531	0.000597674254143039
1532	0.000597674254143039
1533	0.000597674254143039
1534	0.00124787243757033
1535	0.00124787243757033
1536	0.00124787243757033
1537	0.00045314762519748
1538	0.00045314762519748
1539	0.00045314762519748
1540	0.000508761197380807
1541	0.000508761197380807
1542	0.000508761197380807
1543	0.000415728616753142
1544	0.000415728616753142
1545	0.000415728616753142
1546	0.000285620321336593
1547	0.000285620321336593
1548	0.000285620321336593
1549	0.00028253067843752
1550	0.00028253067843752
1551	0.00028253067843752
1552	0.000230350042808719
1553	0.000230350042808719
1554	0.000230350042808719
1555	0.000325442385369099
1556	0.000325442385369099
1557	0.000325442385369099
1558	0.000305874647008299
1559	0.000305874647008299
1560	0.000305874647008299
1561	0.00032166615515912
1562	0.00032166615515912
1563	0.00032166615515912
1564	0.000215931709279708
1565	0.000215931709279708
1566	0.000215931709279708
1567	0.0003776230209979
1568	0.0003776230209979
1569	0.0003776230209979
1570	0.000231036630119624
1571	0.000231036630119624
1572	0.000231036630119624
1573	0.000309650877218278
1574	0.000309650877218278
1575	0.000309650877218278
1576	0.000184348692978066
1577	0.000184348692978066
1578	0.000184348692978066
1579	0.000441132347256637
1580	0.000441132347256637
1581	0.000441132347256637
1582	0.000259530003522193
1583	0.000259530003522193
1584	0.000259530003522193
1585	0.000404399926123205
1586	0.000404399926123205
1587	0.000404399926123205
1588	0.000281844091126614
1589	0.000281844091126614
1590	0.000281844091126614
1591	6.48825008805482e-05
1592	6.48825008805482e-05
1593	6.48825008805482e-05
1594	5.08074610069901e-05
1595	5.08074610069901e-05
1596	5.08074610069901e-05
1597	0.000329561909234531
1598	0.000329561909234531
1599	0.000329561909234531
1600	0.000218334764867877
1601	0.000218334764867877
1602	0.000218334764867877
1603	0.000366294330367963
1604	0.000366294330367963
1605	0.000366294330367963
1606	0.000338144250620847
1607	0.000338144250620847
1608	0.000338144250620847
1609	0.000330935083856341
1610	0.000330935083856341
1611	0.000330935083856341
1612	0.000362174806502531
1613	0.000362174806502531
1614	0.000362174806502531
1615	0.000351875996838952
1616	0.000351875996838952
1617	0.000351875996838952
1618	0.000299695361210151
1619	0.000299695361210151
1620	0.000299695361210151
1621	0.000231379923775077
1622	0.000231379923775077
1623	0.000231379923775077
1624	0.000207349367893392
1625	0.000207349367893392
1626	0.000207349367893392
1627	0.000475461712801901
1628	0.000475461712801901
1629	0.000475461712801901
1630	0.000568494293429565
1631	0.000568494293429565
1632	0.000568494293429565
1633	0.000335397901377225
1634	0.000335397901377225
1635	0.000335397901377225
1636	0.000341577187175373
1637	0.000341577187175373
1638	0.000341577187175373
1639	0.000580509571370408
1640	0.000580509571370408
1641	0.000580509571370408
1642	0.000476834887423712
1643	0.000476834887423712
1644	0.000476834887423712
1645	0.000305531353352846
1646	0.000305531353352846
1647	0.000305531353352846
1648	0.000270172106841225
1649	0.000270172106841225
1650	0.000270172106841225
1651	0.000255067186001309
1652	0.000255067186001309
1653	0.000255067186001309
1654	0.000235156153985056
1655	0.000235156153985056
1656	0.000235156153985056
1657	0.000348099766628973
1658	0.000348099766628973
1659	0.000348099766628973
1660	0.000329218615579078
1661	0.000329218615579078
1662	0.000329218615579078
1663	0.000542060681959712
1664	0.000542060681959712
1665	0.000542060681959712
1666	0.000511164252968975
1667	0.000511164252968975
1668	0.000511164252968975
1669	0.000490566633641817
1670	0.000490566633641817
1671	0.000490566633641817
1672	0.000418131672341311
1673	0.000418131672341311
1674	0.000418131672341311
1675	0.000583942507924934
1676	0.000583942507924934
1677	0.000583942507924934
1678	0.000494686157507249
1679	0.000494686157507249
1680	0.000494686157507249
1681	0.000558538777421439
1682	0.000558538777421439
1683	0.000558538777421439
1684	0.00035290587780531
1685	0.00035290587780531
1686	0.00035290587780531
1687	0.000182632224700802
1688	0.000182632224700802
1689	0.000182632224700802
1690	9.74953981485487e-05
1691	9.74953981485487e-05
1692	9.74953981485487e-05
1693	0.000535538102506112
1694	0.000535538102506112
1695	0.000535538102506112
1696	0.000343636949108089
1697	0.000343636949108089
1698	0.000343636949108089
1699	0.000474775125490996
1700	0.000474775125490996
1701	0.000474775125490996
1702	0.000393071235493268
1703	0.000393071235493268
1704	0.000393071235493268
1705	0.000408519449988637
1706	0.000408519449988637
1707	0.000408519449988637
1708	0.000439759172634827
1709	0.000439759172634827
1710	0.000439759172634827
1711	0.000716797152585104
1712	0.000716797152585104
1713	0.000716797152585104
1714	0.000637496318175545
1715	0.000637496318175545
1716	0.000637496318175545
1717	0.0003971907593587
1718	0.0003971907593587
1719	0.0003971907593587
1720	0.000331278377511794
1721	0.000331278377511794
1722	0.000331278377511794
1723	0.000622734690991082
1724	0.000622734690991082
1725	0.000622734690991082
1726	0.000586688857168555
1727	0.000586688857168555
1728	0.000586688857168555
1729	6.45392072250956e-05
1730	6.45392072250956e-05
1731	6.45392072250956e-05
1732	0.000414012148475879
1733	0.000414012148475879
1734	0.000414012148475879
1735	0.000122899128652044
1736	0.000122899128652044
1737	0.000122899128652044
1738	0.000358741869948005
1739	0.000358741869948005
1740	0.000358741869948005
1741	8.03307153759169e-05
1742	8.03307153759169e-05
1743	8.03307153759169e-05
1744	0.0003841456004515
1745	0.0003841456004515
1746	0.0003841456004515
1747	3.63891274779794e-05
1748	3.63891274779794e-05
1749	3.63891274779794e-05
1750	0.000226917106254192
1751	0.000226917106254192
1752	0.000226917106254192
1753	7.72410724768431e-05
1754	7.72410724768431e-05
1755	7.72410724768431e-05
1756	0.000373503497132468
1757	0.000373503497132468
1758	0.000373503497132468
1759	0.000137317462181054
1760	0.000137317462181054
1761	0.000137317462181054
1762	0.000510134372002617
1763	0.000510134372002617
1764	0.000510134372002617
1765	0.000134227819281981
1766	0.000134227819281981
1767	0.000134227819281981
1768	0.000488506871709101
1769	0.000488506871709101
1770	0.000488506871709101
1771	0.00010676432684577
1772	0.00010676432684577
1773	0.00010676432684577
1774	0.000537597864438828
1775	0.000537597864438828
1776	0.000537597864438828
1777	0.000111913731677559
1778	0.000111913731677559
1779	0.000111913731677559
1780	0.000397877346669605
1781	0.000397877346669605
1782	0.000397877346669605
1783	4.5314762519748e-05
1784	4.5314762519748e-05
1785	4.5314762519748e-05
1786	0.000113630199954823
1787	0.000113630199954823
1788	0.000113630199954823
1789	0.00013285464466017
1790	0.00013285464466017
1791	0.00013285464466017
1792	0.000394787703770532
1793	0.000394787703770532
1794	0.000394787703770532
1795	6.76288501241693e-05
1796	6.76288501241693e-05
1797	6.76288501241693e-05
1798	0.000367324211334321
1799	0.000367324211334321
1800	0.000367324211334321
1801	4.70312307970111e-05
1802	4.70312307970111e-05
1803	4.70312307970111e-05
1804	0.000229320161842361
1805	0.000229320161842361
1806	0.000229320161842361
1807	0.000111227144366654
1808	0.000111227144366654
1809	0.000111227144366654
1810	0.000436326236080301
1811	0.000436326236080301
1812	0.000436326236080301
1813	6.21361516369271e-05
1814	6.21361516369271e-05
1815	6.21361516369271e-05
1816	0.000276008098983919
1817	0.000276008098983919
1818	0.000276008098983919
1819	7.96441280650116e-05
1820	7.96441280650116e-05
1821	7.96441280650116e-05
1822	0.000418131672341311
1823	0.000418131672341311
1824	0.000418131672341311
1825	0.000210095717137013
1826	0.000210095717137013
1827	0.000210095717137013
1828	0.000363891274779794
1829	0.000363891274779794
1830	0.000363891274779794
1831	0.000194647502641645
1832	0.000194647502641645
1833	0.000194647502641645
1834	0.000266052582975793
1835	0.000266052582975793
1836	0.000266052582975793
1837	0.000129421708105644
1838	0.000129421708105644
1839	0.000129421708105644
1840	0.000202886550372508
1841	0.000202886550372508
1842	0.000202886550372508
1843	0.000185035280288971
1844	0.000185035280288971
1845	0.000185035280288971
1846	0.000297978892932888
1847	0.000297978892932888
1848	0.000297978892932888
1849	0.000186408454910781
1850	0.000186408454910781
1851	0.000186408454910781
1852	0.000210095717137013
1853	0.000210095717137013
1854	0.000210095717137013
1855	0.000180915756423539
1856	0.000180915756423539
1857	0.000180915756423539
1858	0.000220394526800592
1859	0.000220394526800592
1860	0.000220394526800592
1861	0.000143840041634655
1862	0.000143840041634655
1863	0.000143840041634655
1864	0.000158601668819118
1865	0.000158601668819118
1866	0.000158601668819118
1867	0.000234812860329603
1868	0.000234812860329603
1869	0.000234812860329603
1870	0.000283217265748425
1871	0.000283217265748425
1872	0.000283217265748425
1873	0.000213185360036087
1874	0.000213185360036087
1875	0.000213185360036087
1876	0.00022142440776695
1877	0.00022142440776695
1878	0.00022142440776695
1879	3.94787703770532e-05
1880	3.94787703770532e-05
1881	3.94787703770532e-05
1882	4.08519449988637e-05
1883	4.08519449988637e-05
1884	4.08519449988637e-05
1885	0.000175423057936297
1886	0.000175423057936297
1887	0.000175423057936297
1888	0.000151392502054613
1889	0.000151392502054613
1890	0.000151392502054613
1891	0.000212498772725182
1892	0.000212498772725182
1893	0.000212498772725182
1894	0.000251634249446782
1895	0.000251634249446782
1896	0.000251634249446782
1897	0.000223484169699666
1898	0.000223484169699666
1899	0.000223484169699666
1900	0.000454177506163838
1901	0.000454177506163838
1902	0.000454177506163838
1903	0.000284247146714783
1904	0.000284247146714783
1905	0.000284247146714783
1906	0.000379682782930616
1907	0.000379682782930616
1908	0.000379682782930616
1909	0.000147616271844634
1910	0.000147616271844634
1911	0.000147616271844634
1912	0.000242365320749561
1913	0.000242365320749561
1914	0.000242365320749561
1915	0.000350159528561689
1916	0.000350159528561689
1917	0.000350159528561689
1918	0.000641615842040977
1919	0.000641615842040977
1920	0.000641615842040977
1921	0.00035942845725891
1922	0.00035942845725891
1923	0.00035942845725891
1924	0.000276351392639372
1925	0.000276351392639372
1926	0.000276351392639372
1927	0.000491939808263628
1928	0.000491939808263628
1929	0.000491939808263628
1930	0.000198423732851624
1931	0.000198423732851624
1932	0.000198423732851624
1933	0.000301411829487415
1934	0.000301411829487415
1935	0.000301411829487415
1936	0.000153795557642781
1937	0.000153795557642781
1938	0.000153795557642781
1939	0.000194990796297097
1940	0.000194990796297097
1941	0.000194990796297097
1942	0.000159288256130023
1943	0.000159288256130023
1944	0.000159288256130023
1945	0.000374876671754279
1946	0.000374876671754279
1947	0.000374876671754279
1948	0.000151392502054613
1949	0.000151392502054613
1950	0.000151392502054613
1951	0.000455550680785648
1952	0.000455550680785648
1953	0.000455550680785648
1954	0.000165810835583623
1955	0.000165810835583623
1956	0.000165810835583623
1957	0.000451087863264764
1958	0.000451087863264764
1959	0.000451087863264764
1960	0.000176452938902655
1961	0.000176452938902655
1962	0.000176452938902655
1963	0.000475461712801901
1964	0.000475461712801901
1965	0.000475461712801901
1966	0.000226917106254192
1967	0.000226917106254192
1968	0.000226917106254192
1969	0.000408519449988637
1970	0.000408519449988637
1971	0.000408519449988637
1972	0.00017576635159175
1973	0.00017576635159175
1974	0.00017576635159175
1975	0.000123242422307496
1976	0.000123242422307496
1977	0.000123242422307496
1978	4.08519449988637e-05
1979	4.08519449988637e-05
1980	4.08519449988637e-05
1981	0.00036595103671251
1982	0.00036595103671251
1983	0.00036595103671251
1984	0.00016409436730636
1985	0.00016409436730636
1986	0.00016409436730636
1987	0.000340204012553562
1988	0.000340204012553562
1989	0.000340204012553562
1990	0.000202886550372508
1991	0.000202886550372508
1992	0.000202886550372508
1993	0.000337114369654489
1994	0.000337114369654489
1995	0.000337114369654489
1996	0.000204603018649771
1997	0.000204603018649771
1998	0.000204603018649771
1999	0.000413325561164974
2000	0.000413325561164974
2001	0.000413325561164974
2002	0.000166840716549981
2003	0.000166840716549981
2004	0.000166840716549981
2005	0.000308964289907373
2006	0.000308964289907373
2007	0.000308964289907373
2008	0.000133884525626528
2009	0.000133884525626528
2010	0.000133884525626528
2011	0.000403370045156847
2012	0.000403370045156847
2013	0.000403370045156847
2014	0.000292829488101099
2015	0.000292829488101099
2016	0.000292829488101099
2017	0.00025266413041314
2018	0.00025266413041314
2019	0.00025266413041314
2020	0.000311710639150994
2021	0.000311710639150994
2022	0.000311710639150994
2023	0.000393757822804174
2024	0.000393757822804174
2025	0.000393757822804174
2026	0.000412295680198616
2027	0.000412295680198616
2028	0.000412295680198616
2029	0.000250261074824972
2030	0.000250261074824972
2031	0.000250261074824972
2032	0.000250261074824972
2033	0.000250261074824972
2034	0.000250261074824972
2035	0.000180229169112634
2036	0.000180229169112634
2037	0.000180229169112634
2038	0.000202886550372508
2039	0.000202886550372508
2040	0.000202886550372508
2041	0.000300381948521057
2042	0.000300381948521057
2043	0.000300381948521057
2044	0.000369040679611584
2045	0.000369040679611584
2046	0.000369040679611584
2047	0.000369383973267036
2048	0.000369383973267036
2049	0.000369383973267036
2050	0.000784082709053821
2051	0.000784082709053821
2052	0.000784082709053821
2053	0.000472372069902827
2054	0.000472372069902827
2055	0.000472372069902827
2056	0.000550643023346028
2057	0.000550643023346028
2058	0.000550643023346028
2059	0.000478894649356427
2060	0.000478894649356427
2061	0.000478894649356427
2062	0.000663243342334493
2063	0.000663243342334493
2064	0.000663243342334493
2065	0.000437356117046658
2066	0.000437356117046658
2067	0.000437356117046658
2068	0.000325785679024552
2069	0.000325785679024552
2070	0.000325785679024552
2071	0.000245111669993182
2072	0.000245111669993182
2073	0.000245111669993182
2074	0.000148989446466444
2075	0.000148989446466444
2076	0.000148989446466444
2077	0.00049228310191908
2078	0.00049228310191908
2079	0.00049228310191908
2080	0.000357025401670742
2081	0.000357025401670742
2082	0.000357025401670742
2083	0.000470312307970111
2084	0.000470312307970111
2085	0.000470312307970111
2086	0.000403370045156847
2087	0.000403370045156847
2088	0.000403370045156847
2089	0.000299695361210151
2090	0.000299695361210151
2091	0.000299695361210151
2092	0.000352219290494405
2093	0.000352219290494405
2094	0.000352219290494405
2095	0.000591838262000345
2096	0.000591838262000345
2097	0.000591838262000345
2098	0.000668392747166282
2099	0.000668392747166282
2100	0.000668392747166282
2101	0.000332651552133604
2102	0.000332651552133604
2103	0.000332651552133604
2104	0.000319606393226404
2105	0.000319606393226404
2106	0.000319606393226404
2107	0.000475461712801901
2108	0.000475461712801901
2109	0.000475461712801901
2110	0.000602823658974829
2111	0.000602823658974829
2112	0.000602823658974829
2113	6.48825008805482e-05
2114	6.48825008805482e-05
2115	6.48825008805482e-05
2116	0.000286650202302951
2117	0.000286650202302951
2118	0.000286650202302951
2119	0.000143496747979202
2120	0.000143496747979202
2121	0.000143496747979202
2122	0.00030347159142013
2123	0.00030347159142013
2124	0.00030347159142013
2125	9.95551600812645e-05
2126	9.95551600812645e-05
2127	9.95551600812645e-05
2128	0.000293859369067456
2129	0.000293859369067456
2130	0.000293859369067456
2131	4.60013498306532e-05
2132	4.60013498306532e-05
2133	4.60013498306532e-05
2134	0.000159631549785476
2135	0.000159631549785476
2136	0.000159631549785476
2137	0.000112943612643917
2138	0.000112943612643917
2139	0.000112943612643917
2140	0.000405773100745016
2141	0.000405773100745016
2142	0.000405773100745016
2143	0.000287336789613856
2144	0.000287336789613856
2145	0.000287336789613856
2146	0.000610376119394787
2147	0.000610376119394787
2148	0.000610376119394787
2149	0.000285277027681141
2150	0.000285277027681141
2151	0.000285277027681141
2152	0.000646078659561861
2153	0.000646078659561861
2154	0.000646078659561861
2155	0.000168557184827244
2156	0.000168557184827244
2157	0.000168557184827244
2158	0.00058085286502586
2159	0.00058085286502586
2160	0.00058085286502586
2161	0.00016272119268455
2162	0.00016272119268455
2163	0.00016272119268455
2164	0.000320979567848215
2165	0.000320979567848215
2166	0.000320979567848215
2167	0.000140063811424676
2168	0.000140063811424676
2169	0.000140063811424676
2170	0.000113973493610275
2171	0.000113973493610275
2172	0.000113973493610275
2173	0.000232753098396887
2174	0.000232753098396887
2175	0.000232753098396887
2176	0.000345696711040805
2177	0.000345696711040805
2178	0.000345696711040805
2179	0.000135944287559244
2180	0.000135944287559244
2181	0.000135944287559244
2182	0.000358055282637099
2183	0.000358055282637099
2184	0.000358055282637099
2185	7.0718493023243e-05
2186	7.0718493023243e-05
2187	7.0718493023243e-05
2188	0.000227260399909645
2189	0.000227260399909645
2190	0.000227260399909645
2191	0.000163751073650907
2192	0.000163751073650907
2193	0.000163751073650907
2194	0.000365607743057057
2195	0.000365607743057057
2196	0.000365607743057057
2197	0.000104017977602149
2198	0.000104017977602149
2199	0.000104017977602149
2200	0.00024476837633773
2201	0.00024476837633773
2202	0.00024476837633773
2203	6.90020247459799e-05
2204	6.90020247459799e-05
2205	6.90020247459799e-05
2206	0.000405773100745016
2207	0.000405773100745016
2208	0.000405773100745016
2209	0.000293172781756551
2210	0.000293172781756551
2211	0.000293172781756551
2212	0.00034638329835171
2213	0.00034638329835171
2214	0.00034638329835171
2215	0.000361488219191626
2216	0.000361488219191626
2217	0.000361488219191626
2218	0.0003906681799051
2219	0.0003906681799051
2220	0.0003906681799051
2221	0.000265022702009435
2222	0.000265022702009435
2223	0.000265022702009435
2224	0.000249917781169519
2225	0.000249917781169519
2226	0.000249917781169519
2227	0.000220394526800592
2228	0.000220394526800592
2229	0.000220394526800592
2230	0.000285620321336593
2231	0.000285620321336593
2232	0.000285620321336593
2233	0.000414355442131332
2234	0.000414355442131332
2235	0.000414355442131332
2236	0.000399937108602321
2237	0.000399937108602321
2238	0.000399937108602321
2239	0.000457610442718364
2240	0.000457610442718364
2241	0.000457610442718364
2242	0.000562315007631418
2243	0.000562315007631418
2244	0.000562315007631418
2245	0.000551672904312386
2246	0.000551672904312386
2247	0.000551672904312386
2248	0.000474431831835543
2249	0.000474431831835543
2250	0.000474431831835543
2251	0.000697229414224304
2252	0.000697229414224304
2253	0.000697229414224304
2254	0.000776530248633863
2255	0.000776530248633863
2256	0.000776530248633863
2257	0.000456237268096553
2258	0.000456237268096553
2259	0.000456237268096553
2260	0.000352562584149857
2261	0.000352562584149857
2262	0.000352562584149857
2263	0.000187095042221687
2264	0.000187095042221687
2265	0.000187095042221687
2266	9.88685727703592e-05
2267	9.88685727703592e-05
2268	9.88685727703592e-05
2269	0.000480611117633691
2270	0.000480611117633691
2271	0.000480611117633691
2272	0.000283560559403877
2273	0.000283560559403877
2274	0.000283560559403877
2275	0.000443535402844806
2276	0.000443535402844806
2277	0.000443535402844806
2278	0.000383802306796047
2279	0.000383802306796047
2280	0.000383802306796047
2281	0.000371443735199752
2282	0.000371443735199752
2283	0.000371443735199752
2284	0.000511507546624428
2285	0.000511507546624428
2286	0.000511507546624428
2287	0.00052867222939706
2288	0.00052867222939706
2289	0.00052867222939706
2290	0.000552016197967839
2291	0.000552016197967839
2292	0.000552016197967839
2293	0.000401996870535037
2294	0.000401996870535037
2295	0.000401996870535037
2296	0.000419161553307669
2297	0.000419161553307669
2298	0.000419161553307669
2299	0.00066290004867904
2300	0.00066290004867904
2301	0.00066290004867904
2302	0.000724692906660515
2303	0.000724692906660515
2304	0.000724692906660515
2305	0.000453834212508385
2306	0.000453834212508385
2307	0.000453834212508385
2308	0.000256097066967667
2309	0.000256097066967667
2310	0.000256097066967667
2311	0.000672168977376262
2312	0.000672168977376262
2313	0.000672168977376262
2314	0.000269485519530319
2315	0.000269485519530319
2316	0.000269485519530319
2317	0.000436326236080301
2318	0.000436326236080301
2319	0.000436326236080301
2320	0.00014589980356737
2321	0.00014589980356737
2322	0.00014589980356737
2323	0.000341577187175373
2324	0.000341577187175373
2325	0.000341577187175373
2326	0.000180572462768087
2327	0.000180572462768087
2328	0.000180572462768087
2329	0.00045967020465108
2330	0.00045967020465108
2331	0.00045967020465108
2332	0.000164780954617265
2333	0.000164780954617265
2334	0.000164780954617265
2335	0.000776873542289316
2336	0.000776873542289316
2337	0.000776873542289316
2338	0.000212155479069729
2339	0.000212155479069729
2340	0.000212155479069729
2341	0.000583255920614029
2342	0.000583255920614029
2343	0.000583255920614029
2344	0.000153795557642781
2345	0.000153795557642781
2346	0.000153795557642781
2347	0.000733961835357736
2348	0.000733961835357736
2349	0.000733961835357736
2350	0.000232409804741435
2351	0.000232409804741435
2352	0.000232409804741435
2353	0.00070066235077883
2354	0.00070066235077883
2355	0.00070066235077883
2356	0.000273605043395751
2357	0.000273605043395751
2358	0.000273605043395751
2359	0.000230693336464171
2360	0.000230693336464171
2361	0.000230693336464171
2362	8.99429377285907e-05
2363	8.99429377285907e-05
2364	8.99429377285907e-05
2365	0.000685900723594367
2366	0.000685900723594367
2367	0.000685900723594367
2368	0.000249917781169519
2369	0.000249917781169519
2370	0.000249917781169519
2371	0.000617585286159292
2372	0.000617585286159292
2373	0.000617585286159292
2374	0.000321322861503667
2375	0.000321322861503667
2376	0.000321322861503667
2377	0.000354622346082573
2378	0.000354622346082573
2379	0.000354622346082573
2380	0.000234812860329603
2381	0.000234812860329603
2382	0.000234812860329603
2383	0.000629600564100135
2384	0.000629600564100135
2385	0.000629600564100135
2386	0.000200140201128887
2387	0.000200140201128887
2388	0.000200140201128887
2389	0.000370070560577942
2390	0.000370070560577942
2391	0.000370070560577942
2392	0.000153795557642781
2393	0.000153795557642781
2394	0.000153795557642781
2395	0.000568150999774113
2396	0.000568150999774113
2397	0.000568150999774113
2398	0.000297292305621983
2399	0.000297292305621983
2400	0.000297292305621983
2401	7.20916676450536e-05
2402	7.20916676450536e-05
2403	7.20916676450536e-05
2404	5.76733341160429e-05
2405	5.76733341160429e-05
2406	5.76733341160429e-05
2407	0.000169930359449055
2408	0.000169930359449055
2409	0.000169930359449055
2410	0.000101958215669433
2411	0.000101958215669433
2412	0.000101958215669433
2413	8.54801202077064e-05
2414	8.54801202077064e-05
2415	8.54801202077064e-05
2416	5.5613572183327e-05
2417	5.5613572183327e-05
2418	5.5613572183327e-05
2419	5.35538102506112e-05
2420	5.35538102506112e-05
2421	5.35538102506112e-05
2422	3.22696036125478e-05
2423	3.22696036125478e-05
2424	3.22696036125478e-05
2425	0.000121869247685686
2426	0.000121869247685686
2427	0.000121869247685686
2428	0.000105391152223959
2429	0.000105391152223959
2430	0.000105391152223959
2431	0.000258500122555835
2432	0.000258500122555835
2433	0.000258500122555835
2434	0.000224857344321477
2435	0.000224857344321477
2436	0.000224857344321477
2437	0.00024476837633773
2438	0.00024476837633773
2439	0.00024476837633773
2440	0.000139033930458318
2441	0.000139033930458318
2442	0.000139033930458318
2443	0.000202199963061603
2444	0.000202199963061603
2445	0.000202199963061603
2446	0.000160661430751834
2447	0.000160661430751834
2448	0.000160661430751834
2449	0.000192931034364381
2450	0.000192931034364381
2451	0.000192931034364381
2452	8.61667075186117e-05
2453	8.61667075186117e-05
2454	8.61667075186117e-05
2455	0.000191557859742571
2456	0.000191557859742571
2457	0.000191557859742571
2458	5.76733341160429e-05
2459	5.76733341160429e-05
2460	5.76733341160429e-05
2461	0.000256440360623119
2462	0.000256440360623119
2463	0.000256440360623119
2464	0.000104704564913054
2465	0.000104704564913054
2466	0.000104704564913054
2467	0.000150362621088255
2468	0.000150362621088255
2469	0.000150362621088255
2470	9.98984537367171e-05
2471	9.98984537367171e-05
2472	9.98984537367171e-05
2473	8.41069455858958e-05
2474	8.41069455858958e-05
2475	8.41069455858958e-05
2476	6.59123818469061e-05
2477	6.59123818469061e-05
2478	6.59123818469061e-05
2479	0.000222110995077856
2480	0.000222110995077856
2481	0.000222110995077856
2482	0.000117749723820254
2483	0.000117749723820254
2484	0.000117749723820254
2485	0.000102988096635791
2486	0.000102988096635791
2487	0.000102988096635791
2488	6.00763897042113e-05
2489	6.00763897042113e-05
2490	6.00763897042113e-05
2491	0.000121869247685686
2492	0.000121869247685686
2493	0.000121869247685686
2494	8.51368265522538e-05
2495	8.51368265522538e-05
2496	8.51368265522538e-05
2497	6.93453184014325e-05
2498	6.93453184014325e-05
2499	6.93453184014325e-05
2500	0.000341920480830826
2501	0.000341920480830826
2502	0.000341920480830826
2503	0.000190871272431666
2504	0.000190871272431666
2505	0.000190871272431666
2506	0.000440789053601185
2507	0.000440789053601185
2508	0.000440789053601185
2509	0.000125988771551117
2510	0.000125988771551117
2511	0.000125988771551117
2512	0.000424654251794911
2513	0.000424654251794911
2514	0.000424654251794911
2515	4.87476990742743e-05
2516	4.87476990742743e-05
2517	4.87476990742743e-05
2518	0.000197393851885266
2519	0.000197393851885266
2520	0.000197393851885266
2521	9.92118664258118e-05
2522	9.92118664258118e-05
2523	9.92118664258118e-05
2524	0.000439759172634827
2525	0.000439759172634827
2526	0.000439759172634827
2527	0.000304844766041941
2528	0.000304844766041941
2529	0.000304844766041941
2530	0.00083866640027079
2531	0.00083866640027079
2532	0.00083866640027079
2533	0.000259873297177646
2534	0.000259873297177646
2535	0.000259873297177646
2536	0.000780649772499295
2537	0.000780649772499295
2538	0.000780649772499295
2539	0.00016924377213815
2540	0.00016924377213815
2541	0.00016924377213815
2542	0.000645735365906409
2543	0.000645735365906409
2544	0.000645735365906409
2545	0.000175079764280844
2546	0.000175079764280844
2547	0.000175079764280844
2548	0.0003841456004515
2549	0.0003841456004515
2550	0.0003841456004515
2551	0.00014589980356737
2552	0.00014589980356737
2553	0.00014589980356737
2554	0.000187781629532592
2555	0.000187781629532592
2556	0.000187781629532592
2557	0.000324069210747289
2558	0.000324069210747289
2559	0.000324069210747289
2560	0.000600763897042113
2561	0.000600763897042113
2562	0.000600763897042113
2563	0.000162034605373644
2564	0.000162034605373644
2565	0.000162034605373644
2566	0.00046756595872649
2567	0.00046756595872649
2568	0.00046756595872649
2569	6.28227389478324e-05
2570	6.28227389478324e-05
2571	6.28227389478324e-05
2572	0.000204259724994318
2573	0.000204259724994318
2574	0.000204259724994318
2575	0.000216618296590613
2576	0.000216618296590613
2577	0.000216618296590613
2578	0.000531075284985228
2579	0.000531075284985228
2580	0.000531075284985228
2581	0.000109167382433938
2582	0.000109167382433938
2583	0.000109167382433938
2584	0.000306904527974657
2585	0.000306904527974657
2586	0.000306904527974657
2587	8.54801202077064e-05
2588	8.54801202077064e-05
2589	8.54801202077064e-05
2590	0.00046619278410468
2591	0.00046619278410468
2592	0.00046619278410468
2593	0.000385175481417858
2594	0.000385175481417858
2595	0.000385175481417858
2596	0.000248544606547709
2597	0.000248544606547709
2598	0.000248544606547709
2599	0.000611406000361145
2600	0.000611406000361145
2601	0.000611406000361145
2602	0.000319606393226404
2603	0.000319606393226404
2604	0.000319606393226404
2605	0.000329561909234531
2606	0.000329561909234531
2607	0.000329561909234531
2608	0.000186751748566234
2609	0.000186751748566234
2610	0.000186751748566234
2611	0.000273261749740298
2612	0.000273261749740298
2613	0.000273261749740298
2614	0.000219364645834234
2615	0.000219364645834234
2616	0.000219364645834234
2617	0.000601107190697566
2618	0.000601107190697566
2619	0.000601107190697566
2620	0.000337800956965394
2621	0.000337800956965394
2622	0.000337800956965394
2623	0.000565061356875039
2624	0.000565061356875039
2625	0.000565061356875039
2626	0.000478894649356427
2627	0.000478894649356427
2628	0.000478894649356427
2629	0.000583255920614029
2630	0.000583255920614029
2631	0.000583255920614029
2632	0.000375906552720637
2633	0.000375906552720637
2634	0.000375906552720637
2635	0.000686587310905272
2636	0.000686587310905272
2637	0.000686587310905272
2638	0.000537941158094281
2639	0.000537941158094281
2640	0.000537941158094281
2641	0.000664616516956304
2642	0.000664616516956304
2643	0.000664616516956304
2644	0.000299352067554699
2645	0.000299352067554699
2646	0.000299352067554699
2647	0.000230350042808719
2648	0.000230350042808719
2649	0.000230350042808719
2650	9.85252791149066e-05
2651	9.85252791149066e-05
2652	9.85252791149066e-05
2653	0.000765544851659378
2654	0.000765544851659378
2655	0.000765544851659378
2656	0.000281500797471162
2657	0.000281500797471162
2658	0.000281500797471162
2659	0.000704438580988809
2660	0.000704438580988809
2661	0.000704438580988809
2662	0.000395817584736889
2663	0.000395817584736889
2664	0.000395817584736889
2665	0.000469969014314659
2666	0.000469969014314659
2667	0.000469969014314659
2668	0.00042190790255129
2669	0.00042190790255129
2670	0.00042190790255129
2671	0.000721259970105989
2672	0.000721259970105989
2673	0.000721259970105989
2674	0.000492969689229985
2675	0.000492969689229985
2676	0.000492969689229985
2677	0.000400966989568679
2678	0.000400966989568679
2679	0.000400966989568679
2680	0.000317546631293688
2681	0.000317546631293688
2682	0.000317546631293688
2683	0.000674228739308977
2684	0.000674228739308977
2685	0.000674228739308977
2686	0.00056643453149685
2687	0.00056643453149685
2688	0.00056643453149685
2689	0.00040234016419049
2690	0.00040234016419049
2691	0.00040234016419049
2692	0.000426714013727627
2693	0.000426714013727627
2694	0.000426714013727627
2695	0.000464819609482869
2696	0.000464819609482869
2697	0.000464819609482869
2698	0.000288366670580214
2699	0.000288366670580214
2700	0.000288366670580214
2701	0.000278411154572088
2702	0.000278411154572088
2703	0.000278411154572088
2704	0.000188468216843497
2705	0.000188468216843497
2706	0.000188468216843497
2707	0.000293859369067456
2708	0.000293859369067456
2709	0.000293859369067456
2710	0.000332651552133604
2711	0.000332651552133604
2712	0.000332651552133604
2713	0.000337457663309941
2714	0.000337457663309941
2715	0.000337457663309941
2716	0.000207349367893392
2717	0.000207349367893392
2718	0.000207349367893392
2719	0.000362861393813436
2720	0.000362861393813436
2721	0.000362861393813436
2722	0.00018228893104535
2723	0.00018228893104535
2724	0.00018228893104535
2725	0.000366637624023415
2726	0.000366637624023415
2727	0.000366637624023415
2728	0.000163751073650907
2729	0.000163751073650907
2730	0.000163751073650907
2731	0.000456237268096553
2732	0.000456237268096553
2733	0.000456237268096553
2734	0.000248887900203161
2735	0.000248887900203161
2736	0.000248887900203161
2737	0.000361831512847078
2738	0.000361831512847078
2739	0.000361831512847078
2740	0.000218678058523329
2741	0.000218678058523329
2742	0.000218678058523329
2743	6.4195913569643e-05
2744	6.4195913569643e-05
2745	6.4195913569643e-05
2746	4.5314762519748e-05
2747	4.5314762519748e-05
2748	4.5314762519748e-05
2749	0.000325442385369099
2750	0.000325442385369099
2751	0.000325442385369099
2752	0.000159288256130023
2753	0.000159288256130023
2754	0.000159288256130023
2755	0.000329905202889983
2756	0.000329905202889983
2757	0.000329905202889983
2758	0.000280814210160256
2759	0.000280814210160256
2760	0.000280814210160256
2761	0.000359771750914363
2762	0.000359771750914363
2763	0.000359771750914363
2764	0.000338487544276299
2765	0.000338487544276299
2766	0.000338487544276299
2767	0.000408176156333184
2768	0.000408176156333184
2769	0.000408176156333184
2770	0.000221767701422403
2771	0.000221767701422403
2772	0.000221767701422403
2773	0.000318576512260046
2774	0.000318576512260046
2775	0.000318576512260046
2776	0.00018366210566716
2777	0.00018366210566716
2778	0.00018366210566716
2779	0.000550986317001481
2780	0.000550986317001481
2781	0.000550986317001481
2782	0.000492969689229985
2783	0.000492969689229985
2784	0.000492969689229985
2785	0.000316173456671878
2786	0.000316173456671878
2787	0.000316173456671878
2788	0.0003906681799051
2789	0.0003906681799051
2790	0.0003906681799051
2791	0.000606256595529355
2792	0.000606256595529355
2793	0.000606256595529355
2794	0.00054961314237967
2795	0.00054961314237967
2796	0.00054961314237967
2797	0.000299008773899246
2798	0.000299008773899246
2799	0.000299008773899246
2800	0.00030347159142013
2801	0.00030347159142013
2802	0.00030347159142013
2803	0.000427057307383079
2804	0.000427057307383079
2805	0.000427057307383079
2806	0.000286993495958404
2807	0.000286993495958404
2808	0.000286993495958404
2809	0.000300038654865604
2810	0.000300038654865604
2811	0.000300038654865604
2812	0.000343636949108089
2813	0.000343636949108089
2814	0.000343636949108089
2815	0.000402683457845942
2816	0.000402683457845942
2817	0.000402683457845942
2818	0.000613809055949313
2819	0.000613809055949313
2820	0.000613809055949313
2821	0.000411265799232258
2822	0.000411265799232258
2823	0.000411265799232258
2824	0.000454177506163838
2825	0.000454177506163838
2826	0.000454177506163838
2827	0.000493999570196343
2828	0.000493999570196343
2829	0.000493999570196343
2830	0.000658093937502703
2831	0.000658093937502703
2832	0.000658093937502703
2833	0.000507731316414449
2834	0.000507731316414449
2835	0.000507731316414449
2836	0.00035290587780531
2837	0.00035290587780531
2838	0.00035290587780531
2839	0.000184005399322613
2840	0.000184005399322613
2841	0.000184005399322613
2842	0.000134227819281981
2843	0.000134227819281981
2844	0.000134227819281981
2845	0.00049228310191908
2846	0.00049228310191908
2847	0.00049228310191908
2848	0.000373846790787921
2849	0.000373846790787921
2850	0.000373846790787921
2851	0.000486790403431838
2852	0.000486790403431838
2853	0.000486790403431838
2854	0.00045967020465108
2855	0.00045967020465108
2856	0.00045967020465108
2857	0.000388265124316931
2858	0.000388265124316931
2859	0.000388265124316931
2860	0.000483700760532764
2861	0.000483700760532764
2862	0.000483700760532764
2863	0.000764171677037568
2864	0.000764171677037568
2865	0.000764171677037568
2866	0.000786485764641989
2867	0.000786485764641989
2868	0.000786485764641989
2869	0.000394101116459626
2870	0.000394101116459626
2871	0.000394101116459626
2872	0.000412638973854069
2873	0.000412638973854069
2874	0.000412638973854069
2875	0.000682124493384388
2876	0.000682124493384388
2877	0.000682124493384388
2878	0.000850681678211632
2879	0.000850681678211632
2880	0.000850681678211632
2881	8.37636519304432e-05
2882	8.37636519304432e-05
2883	8.37636519304432e-05
2884	0.000380712663896973
2885	0.000380712663896973
2886	0.000380712663896973
2887	0.000143496747979202
2888	0.000143496747979202
2889	0.000143496747979202
2890	0.000363891274779794
2891	0.000363891274779794
2892	0.000363891274779794
2893	8.75398821404222e-05
2894	8.75398821404222e-05
2895	8.75398821404222e-05
2896	0.000324412504402741
2897	0.000324412504402741
2898	0.000324412504402741
2899	5.45836912169691e-05
2900	5.45836912169691e-05
2901	5.45836912169691e-05
2902	0.000271201987807583
2903	0.000271201987807583
2904	0.000271201987807583
2905	8.75398821404222e-05
2906	8.75398821404222e-05
2907	8.75398821404222e-05
2908	0.000378652901964258
2909	0.000378652901964258
2910	0.000378652901964258
2911	0.000129078414450191
2912	0.000129078414450191
2913	0.000129078414450191
2914	0.000522836237254365
2915	0.000522836237254365
2916	0.000522836237254365
2917	0.000122899128652044
2918	0.000122899128652044
2919	0.000122899128652044
2920	0.000447311633054785
2921	0.000447311633054785
2922	0.000447311633054785
2923	0.000109853969744844
2924	0.000109853969744844
2925	0.000109853969744844
2926	0.000546866793136049
2927	0.000546866793136049
2928	0.000546866793136049
2929	9.37191679385697e-05
2930	9.37191679385697e-05
2931	9.37191679385697e-05
2932	0.000294545956378362
2933	0.000294545956378362
2934	0.000294545956378362
2935	5.87032150824008e-05
2936	5.87032150824008e-05
2937	5.87032150824008e-05
2938	0.000109510676089391
2939	0.000109510676089391
2940	0.000109510676089391
2941	0.000130794882727454
2942	0.000130794882727454
2943	0.000130794882727454
2944	0.000311024051840088
2945	0.000311024051840088
2946	0.000311024051840088
2947	8.30770646195379e-05
2948	8.30770646195379e-05
2949	8.30770646195379e-05
2950	0.000433236593181227
2951	0.000433236593181227
2952	0.000433236593181227
2953	6.21361516369271e-05
2954	6.21361516369271e-05
2955	6.21361516369271e-05
2956	0.000286306908647499
2957	0.000286306908647499
2958	0.000286306908647499
2959	0.000125302184240212
2960	0.000125302184240212
2961	0.000125302184240212
2962	0.000391698060871458
2963	0.000391698060871458
2964	0.000391698060871458
2965	8.37636519304432e-05
2966	8.37636519304432e-05
2967	8.37636519304432e-05
2968	0.00026433611469853
2969	0.00026433611469853
2970	0.00026433611469853
2971	8.54801202077064e-05
2972	8.54801202077064e-05
2973	8.54801202077064e-05
2974	0.000503611792549017
2975	0.000503611792549017
2976	0.000503611792549017
2977	0.00037899619561971
2978	0.00037899619561971
2979	0.00037899619561971
2980	0.000560598539354155
2981	0.000560598539354155
2982	0.000560598539354155
2983	0.000449371394987501
2984	0.000449371394987501
2985	0.000449371394987501
2986	0.000601450484353019
2987	0.000601450484353019
2988	0.000601450484353019
2989	0.00027223186877394
2990	0.00027223186877394
2991	0.00027223186877394
2992	0.000356682108015289
2993	0.000356682108015289
2994	0.000356682108015289
2995	0.000333681433099962
2996	0.000333681433099962
2997	0.000333681433099962
2998	0.000590465087378534
2999	0.000590465087378534
3000	0.000590465087378534
3001	0.000425684132761269
3002	0.000425684132761269
3003	0.000425684132761269
3004	0.000469625720659206
3005	0.000469625720659206
3006	0.000469625720659206
3007	0.000353249171460763
3008	0.000353249171460763
3009	0.000353249171460763
3010	0.000531761872296133
3011	0.000531761872296133
3012	0.000531761872296133
3013	0.00037247361616611
3014	0.00037247361616611
3015	0.00037247361616611
3016	0.000412638973854069
3017	0.000412638973854069
3018	0.000412638973854069
3019	0.000601107190697566
3020	0.000601107190697566
3021	0.000601107190697566
3022	0.000680751318762577
3023	0.000680751318762577
3024	0.000680751318762577
3025	0.000421564608895837
3026	0.000421564608895837
3027	0.000421564608895837
3028	0.000430833537593058
3029	0.000430833537593058
3030	0.000430833537593058
3031	0.000110197263400296
3032	0.000110197263400296
3033	0.000110197263400296
3034	0.000105734445879412
3035	0.000105734445879412
3036	0.000105734445879412
3037	0.00040234016419049
3038	0.00040234016419049
3039	0.00040234016419049
3040	0.000332651552133604
3041	0.000332651552133604
3042	0.000332651552133604
3043	0.000483700760532764
3044	0.000483700760532764
3045	0.000483700760532764
3046	0.000550299729690576
3047	0.000550299729690576
3048	0.000550299729690576
3049	0.000489193459020006
3050	0.000489193459020006
3051	0.000489193459020006
3052	0.000765544851659378
3053	0.000765544851659378
3054	0.000765544851659378
3055	0.00055991195204325
3056	0.00055991195204325
3057	0.00055991195204325
3058	0.000654661000948177
3059	0.000654661000948177
3060	0.000654661000948177
3061	0.000367324211334321
3062	0.000367324211334321
3063	0.000367324211334321
3064	0.000494686157507249
3065	0.000494686157507249
3066	0.000494686157507249
3067	0.000847248741657106
3068	0.000847248741657106
3069	0.000847248741657106
3070	0.00115861608715265
3071	0.00115861608715265
3072	0.00115861608715265
