1,1,1,1,1	0.00089403
1,1,1,1,2	0.00064671
1,1,1,1,3	0.00085916
1,1,1,1,4	0.00080632
1,1,1,2,1	0.00070207
1,1,1,2,2	0.00050471
1,1,1,2,3	0.00015817
1,1,1,2,4	0.00069452
1,1,1,3,1	0.00017471
1,1,1,3,2	0.00014990
1,1,1,3,3	0.00017938
1,1,1,3,4	0.00017974
1,1,1,4,1	0.00044252
1,1,1,4,2	0.00059458
1,1,1,4,3	0.00081171
1,1,1,4,4	0.00077109
1,1,2,1,1	0.00067834
1,1,2,1,2	0.00071213
1,1,2,1,3	0.00093501
1,1,2,1,4	0.00066001
1,1,2,2,1	0.00074952
1,1,2,2,2	0.00067403
1,1,2,2,3	0.00026925
1,1,2,2,4	0.00064455
1,1,2,3,1	0.00018226
1,1,2,3,2	0.00024373
1,1,2,3,3	0.00024013
1,1,2,3,4	0.00019304
1,1,2,4,1	0.00041089
1,1,2,4,2	0.00080380
1,1,2,4,3	0.00117622
1,1,2,4,4	0.00078223
1,1,3,1,1	0.00087318
1,1,3,1,2	0.00078079
1,1,3,1,3	0.00140126
1,1,3,1,4	0.00069380
1,1,3,2,1	0.00112554
1,1,3,2,2	0.00096485
1,1,3,2,3	0.00041161
1,1,3,2,4	0.00102560
1,1,3,3,1	0.00024589
1,1,3,3,2	0.00034294
1,1,3,3,3	0.00036883
1,1,3,3,4	0.00019664
1,1,3,4,1	0.00047236
1,1,3,4,2	0.00094040
1,1,3,4,3	0.00136459
1,1,3,4,4	0.00079553
1,1,4,1,1	0.00066252
1,1,4,1,2	0.00059207
1,1,4,1,3	0.00068661
1,1,4,1,4	0.00067834
1,1,4,2,1	0.00072723
1,1,4,2,2	0.00059099
1,1,4,2,3	0.00018657
1,1,4,2,4	0.00072831
1,1,4,3,1	0.00013552
1,1,4,3,2	0.00014811
1,1,4,3,3	0.00013696
1,1,4,3,4	0.00014379
1,1,4,4,1	0.00043533
1,1,4,4,2	0.00068445
1,1,4,4,3	0.00083939
1,1,4,4,4	0.00085592
1,2,1,1,1	0.00076210
1,2,1,1,2	0.00085628
1,2,1,1,3	0.00123194
1,2,1,1,4	0.00079194
1,2,1,2,1	0.00109102
1,2,1,2,2	0.00081638
1,2,1,2,3	0.00036559
1,2,1,2,4	0.00110756
1,2,1,3,1	0.00022468
1,2,1,3,2	0.00032389
1,2,1,3,3	0.00037314
1,2,1,3,4	0.00027824
1,2,1,4,1	0.00039723
1,2,1,4,2	0.00067726
1,2,1,4,3	0.00115933
1,2,1,4,4	0.00078798
1,2,2,1,1	0.00077145
1,2,2,1,2	0.00091596
1,2,2,1,3	0.00163851
1,2,2,1,4	0.00065929
1,2,2,2,1	0.00116580
1,2,2,2,2	0.00083436
1,2,2,2,3	0.00057014
1,2,2,2,4	0.00086743
1,2,2,3,1	0.00030484
1,2,2,3,2	0.00057445
1,2,2,3,3	0.00063233
1,2,2,3,4	0.00024912
1,2,2,4,1	0.00038572
1,2,2,4,2	0.00095227
1,2,2,4,3	0.00127077
1,2,2,4,4	0.00075024
1,2,3,1,1	0.00013912
1,2,3,1,2	0.00022396
1,2,3,1,3	0.00046050
1,2,3,1,4	0.00016572
1,2,3,2,1	0.00037134
1,2,3,2,2	0.00051334
1,2,3,2,3	0.00041017
1,2,3,2,4	0.00042131
1,2,3,3,1	0.00011360
1,2,3,3,2	0.00029657
1,2,3,3,3	0.00034438
1,2,3,3,4	0.00011216
1,2,3,4,1	0.00009886
1,2,3,4,2	0.00034007
1,2,3,4,3	0.00049213
1,2,3,4,4	0.00023474
1,2,4,1,1	0.00072723
1,2,4,1,2	0.00076749
1,2,4,1,3	0.00120678
1,2,4,1,4	0.00076174
1,2,4,2,1	0.00132001
1,2,4,2,2	0.00118090
1,2,4,2,3	0.00044971
1,2,4,2,4	0.00143792
1,2,4,3,1	0.00021533
1,2,4,3,2	0.00032245
1,2,4,3,3	0.00044683
1,2,4,3,4	0.00021928
1,2,4,4,1	0.00051046
1,2,4,4,2	0.00096988
1,2,4,4,3	0.00132936
1,2,4,4,4	0.00100080
1,3,1,1,1	0.00059171
1,3,1,1,2	0.00057769
1,3,1,1,3	0.00080955
1,3,1,1,4	0.00059063
1,3,1,2,1	0.00066145
1,3,1,2,2	0.00057409
1,3,1,2,3	0.00020383
1,3,1,2,4	0.00064275
1,3,1,3,1	0.00019592
1,3,1,3,2	0.00022863
1,3,1,3,3	0.00027464
1,3,1,3,4	0.00018226
1,3,1,4,1	0.00028687
1,3,1,4,2	0.00052340
1,3,1,4,3	0.00067223
1,3,1,4,4	0.00059854
1,3,2,1,1	0.00069811
1,3,2,1,2	0.00091236
1,3,2,1,3	0.00119168
1,3,2,1,4	0.00067367
1,3,2,2,1	0.00097599
1,3,2,2,2	0.00102596
1,3,2,2,3	0.00052664
1,3,2,2,4	0.00092818
1,3,2,3,1	0.00031167
1,3,2,3,2	0.00065929
1,3,2,3,3	0.00053994
1,3,2,3,4	0.00026853
1,3,2,4,1	0.00032461
1,3,2,4,2	0.00109642
1,3,2,4,3	0.00126250
1,3,2,4,4	0.00074089
1,3,3,1,1	0.00065210
1,3,3,1,2	0.00067582
1,3,3,1,3	0.00127544
1,3,3,1,4	0.00062010
1,3,3,2,1	0.00107161
1,3,3,2,2	0.00103602
1,3,3,2,3	0.00059602
1,3,3,2,4	0.00101805
1,3,3,3,1	0.00027896
1,3,3,3,2	0.00048674
1,3,3,3,3	0.00070314
1,3,3,3,4	0.00027141
1,3,3,4,1	0.00036272
1,3,3,4,2	0.00090949
1,3,3,4,3	0.00147315
1,3,3,4,4	0.00075132
1,3,4,1,1	0.00047919
1,3,4,1,2	0.00055935
1,3,4,1,3	0.00070207
1,3,4,1,4	0.00057229
1,3,4,2,1	0.00068984
1,3,4,2,2	0.00066073
1,3,4,2,3	0.00021102
1,3,4,2,4	0.00074592
1,3,4,3,1	0.00011755
1,3,4,3,2	0.00016932
1,3,4,3,3	0.00019771
1,3,4,3,4	0.00014883
1,3,4,4,1	0.00030592
1,3,4,4,2	0.00071716
1,3,4,4,3	0.00076965
1,3,4,4,4	0.00069308
1,4,1,1,1	0.00064347
1,4,1,1,2	0.00037494
1,4,1,1,3	0.00069200
1,4,1,1,4	0.00061543
1,4,1,2,1	0.00054282
1,4,1,2,2	0.00037530
1,4,1,2,3	0.00013049
1,4,1,2,4	0.00072867
1,4,1,3,1	0.00010605
1,4,1,3,2	0.00008807
1,4,1,3,3	0.00011252
1,4,1,3,4	0.00012007
1,4,1,4,1	0.00033719
1,4,1,4,2	0.00037242
1,4,1,4,3	0.00057697
1,4,1,4,4	0.00065282
1,4,2,1,1	0.00079805
1,4,2,1,2	0.00087174
1,4,2,1,3	0.00135596
1,4,2,1,4	0.00082573
1,4,2,2,1	0.00107449
1,4,2,2,2	0.00093249
1,4,2,2,3	0.00041197
1,4,2,2,4	0.00091021
1,4,2,3,1	0.00022324
1,4,2,3,2	0.00032605
1,4,2,3,3	0.00033000
1,4,2,3,4	0.00020023
1,4,2,4,1	0.00049069
1,4,2,4,2	0.00118988
1,4,2,4,3	0.00144008
1,4,2,4,4	0.00103854
1,4,3,1,1	0.00071033
1,4,3,1,2	0.00069596
1,4,3,1,3	0.00133367
1,4,3,1,4	0.00069200
1,4,3,2,1	0.00096844
1,4,3,2,2	0.00095227
1,4,3,2,3	0.00033108
1,4,3,2,4	0.00102416
1,4,3,3,1	0.00016213
1,4,3,3,2	0.00027321
1,4,3,3,3	0.00035768
1,4,3,3,4	0.00019304
1,4,3,4,1	0.00046121
1,4,3,4,2	0.00083184
1,4,3,4,3	0.00149292
1,4,3,4,4	0.00090841
1,4,4,1,1	0.00090769
1,4,4,1,2	0.00074305
1,4,4,1,3	0.00108168
1,4,4,1,4	0.00099109
1,4,4,2,1	0.00113884
1,4,4,2,2	0.00092243
1,4,4,2,3	0.00024624
1,4,4,2,4	0.00127760
1,4,4,3,1	0.00016788
1,4,4,3,2	0.00014128
1,4,4,3,3	0.00019664
1,4,4,3,4	0.00016177
1,4,4,4,1	0.00069991
1,4,4,4,2	0.00114135
1,4,4,4,3	0.00128479
1,4,4,4,4	0.00144475
2,1,1,1,1	0.00089439
2,1,1,1,2	0.00063269
2,1,1,1,3	0.00087462
2,1,1,1,4	0.00080380
2,1,1,2,1	0.00068373
2,1,1,2,2	0.00054210
2,1,1,2,3	0.00015422
2,1,1,2,4	0.00064671
2,1,1,3,1	0.00015278
2,1,1,3,2	0.00012510
2,1,1,3,3	0.00017579
2,1,1,3,4	0.00017147
2,1,1,4,1	0.00044719
2,1,1,4,2	0.00062909
2,1,1,4,3	0.00079697
2,1,1,4,4	0.00079553
2,1,2,1,1	0.00068805
2,1,2,1,2	0.00071393
2,1,2,1,3	0.00090589
2,1,2,1,4	0.00065821
2,1,2,2,1	0.00074844
2,1,2,2,2	0.00067546
2,1,2,2,3	0.00024804
2,1,2,2,4	0.00064707
2,1,2,3,1	0.00017327
2,1,2,3,2	0.00024481
2,1,2,3,3	0.00023510
2,1,2,3,4	0.00016968
2,1,2,4,1	0.00038500
2,1,2,4,2	0.00082465
2,1,2,4,3	0.00117191
2,1,2,4,4	0.00078007
2,1,3,1,1	0.00084119
2,1,3,1,2	0.00077360
2,1,3,1,3	0.00137106
2,1,3,1,4	0.00069883
2,1,3,2,1	0.00105831
2,1,3,2,2	0.00095083
2,1,3,2,3	0.00042455
2,1,3,2,4	0.00101805
2,1,3,3,1	0.00025739
2,1,3,3,2	0.00033468
2,1,3,3,3	0.00037817
2,1,3,3,4	0.00021317
2,1,3,4,1	0.00047272
2,1,3,4,2	0.00089151
2,1,3,4,3	0.00140485
2,1,3,4,4	0.00076749
2,1,4,1,1	0.00066684
2,1,4,1,2	0.00059386
2,1,4,1,3	0.00069560
2,1,4,1,4	0.00071105
2,1,4,2,1	0.00074844
2,1,4,2,2	0.00056654
2,1,4,2,3	0.00016860
2,1,4,2,4	0.00074844
2,1,4,3,1	0.00013624
2,1,4,3,2	0.00015853
2,1,4,3,3	0.00014595
2,1,4,3,4	0.00014487
2,1,4,4,1	0.00044108
2,1,4,4,2	0.00068877
2,1,4,4,3	0.00086994
2,1,4,4,4	0.00082753
2,2,1,1,1	0.00073945
2,2,1,1,2	0.00087713
2,2,1,1,3	0.00121684
2,2,1,1,4	0.00078726
2,2,1,2,1	0.00112014
2,2,1,2,2	0.00084262
2,2,1,2,3	0.00036344
2,2,1,2,4	0.00113704
2,2,1,3,1	0.00021820
2,2,1,3,2	0.00032066
2,2,1,3,3	0.00037566
2,2,1,3,4	0.00028651
2,2,1,4,1	0.00039255
2,2,1,4,2	0.00067187
2,2,1,4,3	0.00114531
2,2,1,4,4	0.00079122
2,2,2,1,1	0.00076498
2,2,2,1,2	0.00089691
2,2,2,1,3	0.00160580
2,2,2,1,4	0.00067582
2,2,2,2,1	0.00113991
2,2,2,2,2	0.00084226
2,2,2,2,3	0.00052161
2,2,2,2,4	0.00087570
2,2,2,3,1	0.00032785
2,2,2,3,2	0.00059063
2,2,2,3,3	0.00062586
2,2,2,3,4	0.00026458
2,2,2,4,1	0.00036919
2,2,2,4,2	0.00096557
2,2,2,4,3	0.00135021
2,2,2,4,4	0.00076030
2,2,3,1,1	0.00014918
2,2,3,1,2	0.00023330
2,2,3,1,3	0.00043389
2,2,3,1,4	0.00015637
2,2,3,2,1	0.00037566
2,2,3,2,2	0.00051406
2,2,3,2,3	0.00044360
2,2,3,2,4	0.00041880
2,2,3,3,1	0.00011827
2,2,3,3,2	0.00033755
2,2,3,3,3	0.00034726
2,2,3,3,4	0.00011431
2,2,3,4,1	0.00008879
2,2,3,4,2	0.00032569
2,2,3,4,3	0.00050184
2,2,3,4,4	0.00023151
2,2,4,1,1	0.00071321
2,2,4,1,2	0.00074628
2,2,4,1,3	0.00119887
2,2,4,1,4	0.00074269
2,2,4,2,1	0.00128335
2,2,4,2,2	0.00115717
2,2,4,2,3	0.00041844
2,2,4,2,4	0.00137897
2,2,4,3,1	0.00020598
2,2,4,3,2	0.00030951
2,2,4,3,3	0.00043821
2,2,4,3,4	0.00021245
2,2,4,4,1	0.00051010
2,2,4,4,2	0.00098965
2,2,4,4,3	0.00133763
2,2,4,4,4	0.00101517
2,3,1,1,1	0.00060105
2,3,1,1,2	0.00058056
2,3,1,1,3	0.00085628
2,3,1,1,4	0.00058631
2,3,1,2,1	0.00066001
2,3,1,2,2	0.00062693
2,3,1,2,3	0.00021569
2,3,1,2,4	0.00063161
2,3,1,3,1	0.00020958
2,3,1,3,2	0.00023510
2,3,1,3,3	0.00026997
2,3,1,3,4	0.00018585
2,3,1,4,1	0.00030089
2,3,1,4,2	0.00055360
2,3,1,4,3	0.00062082
2,3,1,4,4	0.00059386
2,3,2,1,1	0.00068373
2,3,2,1,2	0.00088432
2,3,2,1,3	0.00121181
2,3,2,1,4	0.00070386
2,3,2,2,1	0.00100763
2,3,2,2,2	0.00101661
2,3,2,2,3	0.00052376
2,3,2,2,4	0.00088828
2,3,2,3,1	0.00030053
2,3,2,3,2	0.00066252
2,3,2,3,3	0.00052197
2,3,2,3,4	0.00026530
2,3,2,4,1	0.00033611
2,3,2,4,2	0.00107988
2,3,2,4,3	0.00126070
2,3,2,4,4	0.00074520
2,3,3,1,1	0.00065533
2,3,3,1,2	0.00069991
2,3,3,1,3	0.00130779
2,3,3,1,4	0.00061867
2,3,3,2,1	0.00107018
2,3,3,2,2	0.00100583
2,3,3,2,3	0.00060824
2,3,3,2,4	0.00099828
2,3,3,3,1	0.00027177
2,3,3,3,2	0.00049608
2,3,3,3,3	0.00068445
2,3,3,3,4	0.00026925
2,3,3,4,1	0.00036020
2,3,3,4,2	0.00088648
2,3,3,4,3	0.00147351
2,3,3,4,4	0.00075994
2,3,4,1,1	0.00043605
2,3,4,1,2	0.00055072
2,3,4,1,3	0.00065318
2,3,4,1,4	0.00055504
2,3,4,2,1	0.00066863
2,3,4,2,2	0.00067403
2,3,4,2,3	0.00022827
2,3,4,2,4	0.00077756
2,3,4,3,1	0.00012115
2,3,4,3,2	0.00019304
2,3,4,3,3	0.00020203
2,3,4,3,4	0.00015601
2,3,4,4,1	0.00029477
2,3,4,4,2	0.00074089
2,3,4,4,3	0.00072004
2,3,4,4,4	0.00071896
2,4,1,1,1	0.00064778
2,4,1,1,2	0.00040046
2,4,1,1,3	0.00069236
2,4,1,1,4	0.00060249
2,4,1,2,1	0.00053527
2,4,1,2,2	0.00035301
2,4,1,2,3	0.00012222
2,4,1,2,4	0.00072723
2,4,1,3,1	0.00010820
2,4,1,3,2	0.00009167
2,4,1,3,3	0.00011324
2,4,1,3,4	0.00012007
2,4,1,4,1	0.00034294
2,4,1,4,2	0.00039255
2,4,1,4,3	0.00056798
2,4,1,4,4	0.00060285
2,4,2,1,1	0.00081063
2,4,2,1,2	0.00082501
2,4,2,1,3	0.00135776
2,4,2,1,4	0.00084802
2,4,2,2,1	0.00108599
2,4,2,2,2	0.00091452
2,4,2,2,3	0.00039040
2,4,2,2,4	0.00092315
2,4,2,3,1	0.00020886
2,4,2,3,2	0.00031994
2,4,2,3,3	0.00034438
2,4,2,3,4	0.00022755
2,4,2,4,1	0.00051190
2,4,2,4,2	0.00120175
2,4,2,4,3	0.00141743
2,4,2,4,4	0.00104789
2,4,3,1,1	0.00071645
2,4,3,1,2	0.00066612
2,4,3,1,3	0.00131965
2,4,3,1,4	0.00067978
2,4,3,2,1	0.00096521
2,4,3,2,2	0.00096377
2,4,3,2,3	0.00032677
2,4,3,2,4	0.00101733
2,4,3,3,1	0.00014811
2,4,3,3,2	0.00027464
2,4,3,3,3	0.00035661
2,4,3,3,4	0.00018693
2,4,3,4,1	0.00046733
2,4,3,4,2	0.00086168
2,4,3,4,3	0.00149257
2,4,3,4,4	0.00091128
2,4,4,1,1	0.00094867
2,4,4,1,2	0.00075383
2,4,4,1,3	0.00108779
2,4,4,1,4	0.00100080
2,4,4,2,1	0.00113380
2,4,4,2,2	0.00087426
2,4,4,2,3	0.00026314
2,4,4,2,4	0.00128371
2,4,4,3,1	0.00016968
2,4,4,3,2	0.00013984
2,4,4,3,3	0.00019520
2,4,4,3,4	0.00017219
2,4,4,4,1	0.00066863
2,4,4,4,2	0.00119132
2,4,4,4,3	0.00129988
2,4,4,4,4	0.00143685
3,1,1,1,1	0.00094076
3,1,1,1,2	0.00064455
3,1,1,1,3	0.00087426
3,1,1,1,4	0.00080883
3,1,1,2,1	0.00073190
3,1,1,2,2	0.00053383
3,1,1,2,3	0.00014990
3,1,1,2,4	0.00064886
3,1,1,3,1	0.00015422
3,1,1,3,2	0.00015062
3,1,1,3,3	0.00015386
3,1,1,3,4	0.00015206
3,1,1,4,1	0.00042670
3,1,1,4,2	0.00061651
3,1,1,4,3	0.00080919
3,1,1,4,4	0.00075635
3,1,2,1,1	0.00069596
3,1,2,1,2	0.00072076
3,1,2,1,3	0.00089726
3,1,2,1,4	0.00067223
3,1,2,2,1	0.00072399
3,1,2,2,2	0.00063844
3,1,2,2,3	0.00025128
3,1,2,2,4	0.00065066
3,1,2,3,1	0.00018046
3,1,2,3,2	0.00025990
3,1,2,3,3	0.00022719
3,1,2,3,4	0.00019700
3,1,2,4,1	0.00038644
3,1,2,4,2	0.00079158
3,1,2,4,3	0.00119168
3,1,2,4,4	0.00079194
3,1,3,1,1	0.00085161
3,1,3,1,2	0.00073406
3,1,3,1,3	0.00140701
3,1,3,1,4	0.00072471
3,1,3,2,1	0.00109750
3,1,3,2,2	0.00097024
3,1,3,2,3	0.00042527
3,1,3,2,4	0.00100763
3,1,3,3,1	0.00025990
3,1,3,3,2	0.00032281
3,1,3,3,3	0.00039076
3,1,3,3,4	0.00020562
3,1,3,4,1	0.00048422
3,1,3,4,2	0.00090266
3,1,3,4,3	0.00139551
3,1,3,4,4	0.00080236
3,1,4,1,1	0.00062550
3,1,4,1,2	0.00058272
3,1,4,1,3	0.00068841
3,1,4,1,4	0.00068122
3,1,4,2,1	0.00073154
3,1,4,2,2	0.00057984
3,1,4,2,3	0.00016860
3,1,4,2,4	0.00072364
3,1,4,3,1	0.00015242
3,1,4,3,2	0.00014020
3,1,4,3,3	0.00013552
3,1,4,3,4	0.00013912
3,1,4,4,1	0.00042599
3,1,4,4,2	0.00069056
3,1,4,4,3	0.00085305
3,1,4,4,4	0.00082609
3,2,1,1,1	0.00075527
3,2,1,1,2	0.00086994
3,2,1,1,3	0.00123194
3,2,1,1,4	0.00075671
3,2,1,2,1	0.00109498
3,2,1,2,2	0.00081135
3,2,1,2,3	0.00036200
3,2,1,2,4	0.00110828
3,2,1,3,1	0.00022575
3,2,1,3,2	0.00032533
3,2,1,3,3	0.00038141
3,2,1,3,4	0.00027860
3,2,1,4,1	0.00039219
3,2,1,4,2	0.00067007
3,2,1,4,3	0.00111547
3,2,1,4,4	0.00077288
3,2,2,1,1	0.00076893
3,2,2,1,2	0.00090841
3,2,2,1,3	0.00155080
3,2,2,1,4	0.00065569
3,2,2,2,1	0.00115537
3,2,2,2,2	0.00080416
3,2,2,2,3	0.00056043
3,2,2,2,4	0.00085233
3,2,2,3,1	0.00031167
3,2,2,3,2	0.00056582
3,2,2,3,3	0.00061040
3,2,2,3,4	0.00026314
3,2,2,4,1	0.00036631
3,2,2,4,2	0.00097635
3,2,2,4,3	0.00131894
3,2,2,4,4	0.00071968
3,2,3,1,1	0.00015098
3,2,3,1,2	0.00023690
3,2,3,1,3	0.00044036
3,2,3,1,4	0.00014990
3,2,3,2,1	0.00037889
3,2,3,2,2	0.00050291
3,2,3,2,3	0.00043965
3,2,3,2,4	0.00042958
3,2,3,3,1	0.00011396
3,2,3,3,2	0.00032281
3,2,3,3,3	0.00035625
3,2,3,3,4	0.00010713
3,2,3,4,1	0.00009490
3,2,3,4,2	0.00034618
3,2,3,4,3	0.00049788
3,2,3,4,4	0.00023115
3,2,4,1,1	0.00072328
3,2,4,1,2	0.00070171
3,2,4,1,3	0.00120786
3,2,4,1,4	0.00074484
3,2,4,2,1	0.00132073
3,2,4,2,2	0.00121145
3,2,4,2,3	0.00045259
3,2,4,2,4	0.00142211
3,2,4,3,1	0.00020922
3,2,4,3,2	0.00031778
3,2,4,3,3	0.00046553
3,2,4,3,4	0.00023366
3,2,4,4,1	0.00051621
3,2,4,4,2	0.00099900
3,2,4,4,3	0.00134626
3,2,4,4,4	0.00104285
3,3,1,1,1	0.00061292
3,3,1,1,2	0.00057948
3,3,1,1,3	0.00086743
3,3,1,1,4	0.00057697
3,3,1,2,1	0.00063125
3,3,1,2,2	0.00057265
3,3,1,2,3	0.00019951
3,3,1,2,4	0.00064060
3,3,1,3,1	0.00019592
3,3,1,3,2	0.00023007
3,3,1,3,3	0.00027357
3,3,1,3,4	0.00020275
3,3,1,4,1	0.00029801
3,3,1,4,2	0.00052484
3,3,1,4,3	0.00063341
3,3,1,4,4	0.00062370
3,3,2,1,1	0.00072435
3,3,2,1,2	0.00090913
3,3,2,1,3	0.00118988
3,3,2,1,4	0.00070243
3,3,2,2,1	0.00095011
3,3,2,2,2	0.00102236
3,3,2,2,3	0.00053814
3,3,2,2,4	0.00089619
3,3,2,3,1	0.00030017
3,3,2,3,2	0.00065641
3,3,2,3,3	0.00053850
3,3,2,3,4	0.00027428
3,3,2,4,1	0.00033396
3,3,2,4,2	0.00108923
3,3,2,4,3	0.00124129
3,3,2,4,4	0.00078475
3,3,3,1,1	0.00063880
3,3,3,1,2	0.00068697
3,3,3,1,3	0.00133475
3,3,3,1,4	0.00061471
3,3,3,2,1	0.00105939
3,3,3,2,2	0.00105651
3,3,3,2,3	0.00058955
3,3,3,2,4	0.00103962
3,3,3,3,1	0.00026673
3,3,3,3,2	0.00051046
3,3,3,3,3	0.00068553
3,3,3,3,4	0.00025883
3,3,3,4,1	0.00035517
3,3,3,4,2	0.00090230
3,3,3,4,3	0.00147675
3,3,3,4,4	0.00074125
3,3,4,1,1	0.00048135
3,3,4,1,2	0.00059422
3,3,4,1,3	0.00066360
3,3,4,1,4	0.00054354
3,3,4,2,1	0.00069452
3,3,4,2,2	0.00071285
3,3,4,2,3	0.00020706
3,3,4,2,4	0.00073801
3,3,4,3,1	0.00012510
3,3,4,3,2	0.00018549
3,3,4,3,3	0.00021641
3,3,4,3,4	0.00015134
3,3,4,4,1	0.00031922
3,3,4,4,2	0.00067870
3,3,4,4,3	0.00078259
3,3,4,4,4	0.00068948
3,4,1,1,1	0.00063664
3,4,1,1,2	0.00039902
3,4,1,1,3	0.00070135
3,4,1,1,4	0.00064060
3,4,1,2,1	0.00053671
3,4,1,2,2	0.00036847
3,4,1,2,3	0.00012869
3,4,1,2,4	0.00075850
3,4,1,3,1	0.00010748
3,4,1,3,2	0.00008915
3,4,1,3,3	0.00010748
3,4,1,3,4	0.00012546
3,4,1,4,1	0.00036451
3,4,1,4,2	0.00042922
3,4,1,4,3	0.00057805
3,4,1,4,4	0.00061148
3,4,2,1,1	0.00080452
3,4,2,1,2	0.00083220
3,4,2,1,3	0.00137717
3,4,2,1,4	0.00083076
3,4,2,2,1	0.00109965
3,4,2,2,2	0.00090086
3,4,2,2,3	0.00038464
3,4,2,2,4	0.00095155
3,4,2,3,1	0.00020167
3,4,2,3,2	0.00031419
3,4,2,3,3	0.00033216
3,4,2,3,4	0.00021533
3,4,2,4,1	0.00048818
3,4,2,4,2	0.00123554
3,4,2,4,3	0.00143073
3,4,2,4,4	0.00107018
3,4,3,1,1	0.00072256
3,4,3,1,2	0.00067187
3,4,3,1,3	0.00134338
3,4,3,1,4	0.00066684
3,4,3,2,1	0.00097024
3,4,3,2,2	0.00093285
3,4,3,2,3	0.00032857
3,4,3,2,4	0.00103926
3,4,3,3,1	0.00015853
3,4,3,3,2	0.00030592
3,4,3,3,3	0.00033719
3,4,3,3,4	0.00018837
3,4,3,4,1	0.00047811
3,4,3,4,2	0.00085017
3,4,3,4,3	0.00146812
3,4,3,4,4	0.00091740
3,4,4,1,1	0.00091991
3,4,4,1,2	0.00074520
3,4,4,1,3	0.00104968
3,4,4,1,4	0.00099972
3,4,4,2,1	0.00111619
3,4,4,2,2	0.00092674
3,4,4,2,3	0.00025739
3,4,4,2,4	0.00130779
3,4,4,3,1	0.00016464
3,4,4,3,2	0.00013624
3,4,4,3,3	0.00019448
3,4,4,3,4	0.00016788
3,4,4,4,1	0.00067942
3,4,4,4,2	0.00110756
3,4,4,4,3	0.00130779
3,4,4,4,4	0.00141348
4,1,1,1,1	0.00098570
4,1,1,1,2	0.00054641
4,1,1,1,3	0.00048746
4,1,1,1,4	0.00082573
4,1,1,2,1	0.00071069
4,1,1,2,2	0.00057193
4,1,1,2,3	0.00011288
4,1,1,2,4	0.00068984
4,1,1,3,1	0.00089079
4,1,1,3,2	0.00059063
4,1,1,3,3	0.00073226
4,1,1,3,4	0.00084838
4,1,1,4,1	0.00074341
4,1,1,4,2	0.00069416
4,1,1,4,3	0.00055756
4,1,1,4,4	0.00111080
4,1,2,1,1	0.00041987
4,1,2,1,2	0.00036236
4,1,2,1,3	0.00030125
4,1,2,1,4	0.00042634
4,1,2,2,1	0.00063233
4,1,2,2,2	0.00069020
4,1,2,2,3	0.00019700
4,1,2,2,4	0.00068553
4,1,2,3,1	0.00072687
4,1,2,3,2	0.00078726
4,1,2,3,3	0.00083615
4,1,2,3,4	0.00074161
4,1,2,4,1	0.00043821
4,1,2,4,2	0.00075743
4,1,2,4,3	0.00067367
4,1,2,4,4	0.00091308
4,1,3,1,1	0.00057481
4,1,3,1,2	0.00039076
4,1,3,1,3	0.00051154
4,1,3,1,4	0.00051765
4,1,3,2,1	0.00066648
4,1,3,2,2	0.00065138
4,1,3,2,3	0.00016824
4,1,3,2,4	0.00067870
4,1,3,3,1	0.00084442
4,1,3,3,2	0.00063484
4,1,3,3,3	0.00082249
4,1,3,3,4	0.00062945
4,1,3,4,1	0.00046050
4,1,3,4,2	0.00067223
4,1,3,4,3	0.00059171
4,1,3,4,4	0.00090841
4,1,4,1,1	0.00070710
4,1,4,1,2	0.00045115
4,1,4,1,3	0.00040549
4,1,4,1,4	0.00069811
4,1,4,2,1	0.00075527
4,1,4,2,2	0.00064491
4,1,4,2,3	0.00012690
4,1,4,2,4	0.00090122
4,1,4,3,1	0.00054533
4,1,4,3,2	0.00047164
4,1,4,3,3	0.00046553
4,1,4,3,4	0.00060752
4,1,4,4,1	0.00085916
4,1,4,4,2	0.00091488
4,1,4,4,3	0.00082070
4,1,4,4,4	0.00159789
4,2,1,1,1	0.00050399
4,2,1,1,2	0.00036955
4,2,1,1,3	0.00045151
4,2,1,1,4	0.00051046
4,2,1,2,1	0.00091452
4,2,1,2,2	0.00077648
4,2,1,2,3	0.00022827
4,2,1,2,4	0.00099037
4,2,1,3,1	0.00073082
4,2,1,3,2	0.00064455
4,2,1,3,3	0.00091057
4,2,1,3,4	0.00072328
4,2,1,4,1	0.00054138
4,2,1,4,2	0.00070530
4,2,1,4,3	0.00065282
4,2,1,4,4	0.00116867
4,2,2,1,1	0.00042347
4,2,2,1,2	0.00039938
4,2,2,1,3	0.00040334
4,2,2,1,4	0.00037062
4,2,2,2,1	0.00106802
4,2,2,2,2	0.00154864
4,2,2,2,3	0.00041915
4,2,2,2,4	0.00111583
4,2,2,3,1	0.00103998
4,2,2,3,2	0.00132648
4,2,2,3,3	0.00174276
4,2,2,3,4	0.00101086
4,2,2,4,1	0.00045115
4,2,2,4,2	0.00109102
4,2,2,4,3	0.00084838
4,2,2,4,4	0.00100475
4,2,3,1,1	0.00009922
4,2,3,1,2	0.00008556
4,2,3,1,3	0.00014020
4,2,3,1,4	0.00009167
4,2,3,2,1	0.00021713
4,2,3,2,2	0.00029513
4,2,3,2,3	0.00013229
4,2,3,2,4	0.00025307
4,2,3,3,1	0.00025523
4,2,3,3,2	0.00027932
4,2,3,3,3	0.00042850
4,2,3,3,4	0.00025272
4,2,3,4,1	0.00008556
4,2,3,4,2	0.00017902
4,2,3,4,3	0.00017866
4,2,3,4,4	0.00020347
4,2,4,1,1	0.00054821
4,2,4,1,2	0.00035013
4,2,4,1,3	0.00038285
4,2,4,1,4	0.00044935
4,2,4,2,1	0.00113165
4,2,4,2,2	0.00120858
4,2,4,2,3	0.00027141
4,2,4,2,4	0.00132181
4,2,4,3,1	0.00076210
4,2,4,3,2	0.00065677
4,2,4,3,3	0.00091883
4,2,4,3,4	0.00070099
4,2,4,4,1	0.00070422
4,2,4,4,2	0.00096377
4,2,4,4,3	0.00102344
4,2,4,4,4	0.00124093
4,3,1,1,1	0.00046409
4,3,1,1,2	0.00031526
4,3,1,1,3	0.00029262
4,3,1,1,4	0.00043857
4,3,1,2,1	0.00053095
4,3,1,2,2	0.00046517
4,3,1,2,3	0.00013445
4,3,1,2,4	0.00060105
4,3,1,3,1	0.00085556
4,3,1,3,2	0.00056906
4,3,1,3,3	0.00081746
4,3,1,3,4	0.00064635
4,3,1,4,1	0.00041268
4,3,1,4,2	0.00049896
4,3,1,4,3	0.00043605
4,3,1,4,4	0.00073514
4,3,2,1,1	0.00037710
4,3,2,1,2	0.00038716
4,3,2,1,3	0.00029765
4,3,2,1,4	0.00035661
4,3,2,2,1	0.00080883
4,3,2,2,2	0.00103279
4,3,2,2,3	0.00029082
4,3,2,2,4	0.00086707
4,3,2,3,1	0.00103099
4,3,2,3,2	0.00134913
4,3,2,3,3	0.00151665
4,3,2,3,4	0.00094256
4,3,2,4,1	0.00034942
4,3,2,4,2	0.00084226
4,3,2,4,3	0.00066216
4,3,2,4,4	0.00082501
4,3,3,1,1	0.00059997
4,3,3,1,2	0.00033540
4,3,3,1,3	0.00046229
4,3,3,1,4	0.00038069
4,3,3,2,1	0.00063017
4,3,3,2,2	0.00060285
4,3,3,2,3	0.00020131
4,3,3,2,4	0.00064563
4,3,3,3,1	0.00091704
4,3,3,3,2	0.00069596
4,3,3,3,3	0.00111691
4,3,3,3,4	0.00061363
4,3,3,4,1	0.00030340
4,3,3,4,2	0.00051550
4,3,3,4,3	0.00053491
4,3,3,4,4	0.00068769
4,3,4,1,1	0.00040981
4,3,4,1,2	0.00028507
4,3,4,1,3	0.00027464
4,3,4,1,4	0.00037781
4,3,4,2,1	0.00061004
4,3,4,2,2	0.00059818
4,3,4,2,3	0.00013552
4,3,4,2,4	0.00072795
4,3,4,3,1	0.00050903
4,3,4,3,2	0.00047523
4,3,4,3,3	0.00059566
4,3,4,3,4	0.00052017
4,3,4,4,1	0.00051046
4,3,4,4,2	0.00073550
4,3,4,4,3	0.00065426
4,3,4,4,4	0.00105651
4,4,1,1,1	0.00064383
4,4,1,1,2	0.00034654
4,4,1,1,3	0.00037386
4,4,1,1,4	0.00067978
4,4,1,2,1	0.00047595
4,4,1,2,2	0.00037817
4,4,1,2,3	0.00007585
4,4,1,2,4	0.00055863
4,4,1,3,1	0.00052233
4,4,1,3,2	0.00034690
4,4,1,3,3	0.00044144
4,4,1,3,4	0.00054749
4,4,1,4,1	0.00057840
4,4,1,4,2	0.00052197
4,4,1,4,3	0.00048206
4,4,1,4,4	0.00120929
4,4,2,1,1	0.00052089
4,4,2,1,2	0.00048206
4,4,2,1,3	0.00045510
4,4,2,1,4	0.00049608
4,4,2,2,1	0.00090949
4,4,2,2,2	0.00115357
4,4,2,2,3	0.00029477
4,4,2,2,4	0.00111152
4,4,2,3,1	0.00093501
4,4,2,3,2	0.00107125
4,4,2,3,3	0.00109390
4,4,2,3,4	0.00107557
4,4,2,4,1	0.00058308
4,4,2,4,2	0.00129485
4,4,2,4,3	0.00089367
4,4,2,4,4	0.00127724
4,4,3,1,1	0.00069092
4,4,3,1,2	0.00046050
4,4,3,1,3	0.00053778
4,4,3,1,4	0.00064419
4,4,3,2,1	0.00079230
4,4,3,2,2	0.00077576
4,4,3,2,3	0.00020275
4,4,3,2,4	0.00087857
4,4,3,3,1	0.00084586
4,4,3,3,2	0.00074808
4,4,3,3,3	0.00101230
4,4,3,3,4	0.00095370
4,4,3,4,1	0.00054066
4,4,3,4,2	0.00075383
4,4,3,4,3	0.00077648
4,4,3,4,4	0.00111978
4,4,4,1,1	0.00118090
4,4,4,1,2	0.00057733
4,4,4,1,3	0.00058631
4,4,4,1,4	0.00106766
4,4,4,2,1	0.00118808
4,4,4,2,2	0.00112733
4,4,4,2,3	0.00016249
4,4,4,2,4	0.00159466
4,4,4,3,1	0.00091524
4,4,4,3,2	0.00079302
4,4,4,3,3	0.00093429
4,4,4,3,4	0.00107053
4,4,4,4,1	0.00133799
4,4,4,4,2	0.00137573
4,4,4,4,3	0.00117910
4,4,4,4,4	0.00244986
5,1,1,1,1	0.00102416
5,1,1,1,2	0.00054965
5,1,1,1,3	0.00045690
5,1,1,1,4	0.00086060
5,1,1,2,1	0.00070171
5,1,1,2,2	0.00056187
5,1,1,2,3	0.00011360
5,1,1,2,4	0.00069775
5,1,1,3,1	0.00089439
5,1,1,3,2	0.00058883
5,1,1,3,3	0.00072831
5,1,1,3,4	0.00083867
5,1,1,4,1	0.00074844
5,1,1,4,2	0.00068661
5,1,1,4,3	0.00056834
5,1,1,4,4	0.00111799
5,1,2,1,1	0.00040909
5,1,2,1,2	0.00035804
5,1,2,1,3	0.00030340
5,1,2,1,4	0.00040549
5,1,2,2,1	0.00063844
5,1,2,2,2	0.00068984
5,1,2,2,3	0.00020778
5,1,2,2,4	0.00066792
5,1,2,3,1	0.00076210
5,1,2,3,2	0.00080272
5,1,2,3,3	0.00085341
5,1,2,3,4	0.00074772
5,1,2,4,1	0.00045798
5,1,2,4,2	0.00072651
5,1,2,4,3	0.00067582
5,1,2,4,4	0.00092926
5,1,3,1,1	0.00060932
5,1,3,1,2	0.00039112
5,1,3,1,3	0.00050076
5,1,3,1,4	0.00049968
5,1,3,2,1	0.00068086
5,1,3,2,2	0.00062262
5,1,3,2,3	0.00016213
5,1,3,2,4	0.00065713
5,1,3,3,1	0.00079697
5,1,3,3,2	0.00064347
5,1,3,3,3	0.00084406
5,1,3,3,4	0.00065066
5,1,3,4,1	0.00045151
5,1,3,4,2	0.00068337
5,1,3,4,3	0.00058703
5,1,3,4,4	0.00089295
5,1,4,1,1	0.00072543
5,1,4,1,2	0.00044000
5,1,4,1,3	0.00039723
5,1,4,1,4	0.00068553
5,1,4,2,1	0.00079373
5,1,4,2,2	0.00064024
5,1,4,2,3	0.00012869
5,1,4,2,4	0.00088972
5,1,4,3,1	0.00054174
5,1,4,3,2	0.00048063
5,1,4,3,3	0.00052304
5,1,4,3,4	0.00060429
5,1,4,4,1	0.00089223
5,1,4,4,2	0.00092782
5,1,4,4,3	0.00083436
5,1,4,4,4	0.00160005
5,2,1,1,1	0.00053167
5,2,1,1,2	0.00037889
5,2,1,1,3	0.00046050
5,2,1,1,4	0.00053563
5,2,1,2,1	0.00092746
5,2,1,2,2	0.00080416
5,2,1,2,3	0.00022468
5,2,1,2,4	0.00101769
5,2,1,3,1	0.00070350
5,2,1,3,2	0.00061903
5,2,1,3,3	0.00086671
5,2,1,3,4	0.00071537
5,2,1,4,1	0.00054497
5,2,1,4,2	0.00068984
5,2,1,4,3	0.00065318
5,2,1,4,4	0.00117478
5,2,2,1,1	0.00042563
5,2,2,1,2	0.00039363
5,2,2,1,3	0.00040298
5,2,2,1,4	0.00035732
5,2,2,2,1	0.00106910
5,2,2,2,2	0.00149292
5,2,2,2,3	0.00043030
5,2,2,2,4	0.00113991
5,2,2,3,1	0.00102416
5,2,2,3,2	0.00132469
5,2,2,3,3	0.00173701
5,2,2,3,4	0.00102668
5,2,2,4,1	0.00043677
5,2,2,4,2	0.00112769
5,2,2,4,3	0.00089187
5,2,2,4,4	0.00095550
5,2,3,1,1	0.00010065
5,2,3,1,2	0.00008771
5,2,3,1,3	0.00014595
5,2,3,1,4	0.00009490
5,2,3,2,1	0.00019592
5,2,3,2,2	0.00028327
5,2,3,2,3	0.00012402
5,2,3,2,4	0.00027069
5,2,3,3,1	0.00025739
5,2,3,3,2	0.00027968
5,2,3,3,3	0.00045295
5,2,3,3,4	0.00024337
5,2,3,4,1	0.00008340
5,2,3,4,2	0.00017938
5,2,3,4,3	0.00018765
5,2,3,4,4	0.00019664
5,2,4,1,1	0.00054389
5,2,4,1,2	0.00035121
5,2,4,1,3	0.00038105
5,2,4,1,4	0.00046229
5,2,4,2,1	0.00110936
5,2,4,2,2	0.00124884
5,2,4,2,3	0.00024984
5,2,4,2,4	0.00132900
5,2,4,3,1	0.00076857
5,2,4,3,2	0.00067367
5,2,4,3,3	0.00094292
5,2,4,3,4	0.00068661
5,2,4,4,1	0.00071681
5,2,4,4,2	0.00100295
5,2,4,4,3	0.00101158
5,2,4,4,4	0.00128083
5,3,1,1,1	0.00046625
5,3,1,1,2	0.00029226
5,3,1,1,3	0.00030017
5,3,1,1,4	0.00040837
5,3,1,2,1	0.00053886
5,3,1,2,2	0.00050795
5,3,1,2,3	0.00012798
5,3,1,2,4	0.00058128
5,3,1,3,1	0.00086311
5,3,1,3,2	0.00057445
5,3,1,3,3	0.00084119
5,3,1,3,4	0.00064635
5,3,1,4,1	0.00039255
5,3,1,4,2	0.00047020
5,3,1,4,3	0.00039363
5,3,1,4,4	0.00076641
5,3,2,1,1	0.00039615
5,3,2,1,2	0.00040693
5,3,2,1,3	0.00029513
5,3,2,1,4	0.00034978
5,3,2,2,1	0.00082070
5,3,2,2,2	0.00101158
5,3,2,2,3	0.00027464
5,3,2,2,4	0.00089367
5,3,2,3,1	0.00095119
5,3,2,3,2	0.00139622
5,3,2,3,3	0.00150946
5,3,2,3,4	0.00095298
5,3,2,4,1	0.00032893
5,3,2,4,2	0.00088073
5,3,2,4,3	0.00063161
5,3,2,4,4	0.00084730
5,3,3,1,1	0.00059242
5,3,3,1,2	0.00035553
5,3,3,1,3	0.00049429
5,3,3,1,4	0.00039183
5,3,3,2,1	0.00063197
5,3,3,2,2	0.00063161
5,3,3,2,3	0.00017758
5,3,3,2,4	0.00065893
5,3,3,3,1	0.00093645
5,3,3,3,2	0.00070566
5,3,3,3,3	0.00116040
5,3,3,3,4	0.00064311
5,3,3,4,1	0.00030340
5,3,3,4,2	0.00050938
5,3,3,4,3	0.00051765
5,3,3,4,4	0.00066432
5,3,4,1,1	0.00040801
5,3,4,1,2	0.00030520
5,3,4,1,3	0.00027069
5,3,4,1,4	0.00039471
5,3,4,2,1	0.00063269
5,3,4,2,2	0.00059997
5,3,4,2,3	0.00013157
5,3,4,2,4	0.00071393
5,3,4,3,1	0.00052556
5,3,4,3,2	0.00045295
5,3,4,3,3	0.00058667
5,3,4,3,4	0.00053455
5,3,4,4,1	0.00050615
5,3,4,4,2	0.00072687
5,3,4,4,3	0.00065318
5,3,4,4,4	0.00101841
5,4,1,1,1	0.00062765
5,4,1,1,2	0.00033036
5,4,1,1,3	0.00034942
5,4,1,1,4	0.00070530
5,4,1,2,1	0.00048566
5,4,1,2,2	0.00038177
5,4,1,2,3	0.00007585
5,4,1,2,4	0.00057589
5,4,1,3,1	0.00054749
5,4,1,3,2	0.00037458
5,4,1,3,3	0.00043425
5,4,1,3,4	0.00055252
5,4,1,4,1	0.00058883
5,4,1,4,2	0.00054066
5,4,1,4,3	0.00048710
5,4,1,4,4	0.00126789
5,4,2,1,1	0.00054066
5,4,2,1,2	0.00047056
5,4,2,1,3	0.00042311
5,4,2,1,4	0.00049213
5,4,2,2,1	0.00090841
5,4,2,2,2	0.00117227
5,4,2,2,3	0.00027357
5,4,2,2,4	0.00116184
5,4,2,3,1	0.00093465
5,4,2,3,2	0.00104142
5,4,2,3,3	0.00111044
5,4,2,3,4	0.00106910
5,4,2,4,1	0.00056331
5,4,2,4,2	0.00132253
5,4,2,4,3	0.00086563
5,4,2,4,4	0.00129233
5,4,3,1,1	0.00069380
5,4,3,1,2	0.00045438
5,4,3,1,3	0.00055324
5,4,3,1,4	0.00065749
5,4,3,2,1	0.00077792
5,4,3,2,2	0.00076066
5,4,3,2,3	0.00017794
5,4,3,2,4	0.00087066
5,4,3,3,1	0.00086383
5,4,3,3,2	0.00077396
5,4,3,3,3	0.00104214
5,4,3,3,4	0.00094184
5,4,3,4,1	0.00054713
5,4,3,4,2	0.00073622
5,4,3,4,3	0.00084190
5,4,3,4,4	0.00114315
5,4,4,1,1	0.00115933
5,4,4,1,2	0.00059961
5,4,4,1,3	0.00060465
5,4,4,1,4	0.00109426
5,4,4,2,1	0.00114710
5,4,4,2,2	0.00114495
5,4,4,2,3	0.00016069
5,4,4,2,4	0.00154685
5,4,4,3,1	0.00092746
5,4,4,3,2	0.00078690
5,4,4,3,3	0.00097743
5,4,4,3,4	0.00106370
5,4,4,4,1	0.00134410
5,4,4,4,2	0.00139191
5,4,4,4,3	0.00121720
5,4,4,4,4	0.00236754
6,1,1,1,1	0.00096197
6,1,1,1,2	0.00052412
6,1,1,1,3	0.00047272
6,1,1,1,4	0.00084442
6,1,1,2,1	0.00066863
6,1,1,2,2	0.00060393
6,1,1,2,3	0.00011719
6,1,1,2,4	0.00069847
6,1,1,3,1	0.00088684
6,1,1,3,2	0.00060537
6,1,1,3,3	0.00070818
6,1,1,3,4	0.00082968
6,1,1,4,1	0.00071357
6,1,1,4,2	0.00073514
6,1,1,4,3	0.00055432
6,1,1,4,4	0.00110540
6,1,2,1,1	0.00042023
6,1,2,1,2	0.00038141
6,1,2,1,3	0.00030196
6,1,2,1,4	0.00039040
6,1,2,2,1	0.00065749
6,1,2,2,2	0.00069452
6,1,2,2,3	0.00019088
6,1,2,2,4	0.00066576
6,1,2,3,1	0.00074520
6,1,2,3,2	0.00078906
6,1,2,3,3	0.00084802
6,1,2,3,4	0.00076390
6,1,2,4,1	0.00043821
6,1,2,4,2	0.00074449
6,1,2,4,3	0.00065749
6,1,2,4,4	0.00089079
6,1,3,1,1	0.00057517
6,1,3,1,2	0.00038429
6,1,3,1,3	0.00047883
6,1,3,1,4	0.00048458
6,1,3,2,1	0.00067511
6,1,3,2,2	0.00061867
6,1,3,2,3	0.00016572
6,1,3,2,4	0.00064814
6,1,3,3,1	0.00081063
6,1,3,3,2	0.00065893
6,1,3,3,3	0.00083543
6,1,3,3,4	0.00065426
6,1,3,4,1	0.00046085
6,1,3,4,2	0.00069631
6,1,3,4,3	0.00060752
6,1,3,4,4	0.00090625
6,1,4,1,1	0.00071788
6,1,4,1,2	0.00045978
6,1,4,1,3	0.00040837
6,1,4,1,4	0.00067906
6,1,4,2,1	0.00078654
6,1,4,2,2	0.00064886
6,1,4,2,3	0.00011503
6,1,4,2,4	0.00088217
6,1,4,3,1	0.00057769
6,1,4,3,2	0.00046661
6,1,4,3,3	0.00048710
6,1,4,3,4	0.00059782
6,1,4,4,1	0.00087570
6,1,4,4,2	0.00097276
6,1,4,4,3	0.00086132
6,1,4,4,4	0.00161623
6,2,1,1,1	0.00052520
6,2,1,1,2	0.00035553
6,2,1,1,3	0.00044252
6,2,1,1,4	0.00052844
6,2,1,2,1	0.00089691
6,2,1,2,2	0.00080200
6,2,1,2,3	0.00023294
6,2,1,2,4	0.00098857
6,2,1,3,1	0.00071824
6,2,1,3,2	0.00060393
6,2,1,3,3	0.00089906
6,2,1,3,4	0.00073298
6,2,1,4,1	0.00052628
6,2,1,4,2	0.00070638
6,2,1,4,3	0.00066109
6,2,1,4,4	0.00114818
6,2,2,1,1	0.00042419
6,2,2,1,2	0.00040549
6,2,2,1,3	0.00042167
6,2,2,1,4	0.00038069
6,2,2,2,1	0.00104465
6,2,2,2,2	0.00153427
6,2,2,2,3	0.00041556
6,2,2,2,4	0.00113380
6,2,2,3,1	0.00105292
6,2,2,3,2	0.00134698
6,2,2,3,3	0.00177476
6,2,2,3,4	0.00103998
6,2,2,4,1	0.00043102
6,2,2,4,2	0.00106946
6,2,2,4,3	0.00087462
6,2,2,4,4	0.00099648
6,2,3,1,1	0.00010065
6,2,3,1,2	0.00008484
6,2,3,1,3	0.00013588
6,2,3,1,4	0.00011144
6,2,3,2,1	0.00020131
6,2,3,2,2	0.00029226
6,2,3,2,3	0.00013157
6,2,3,2,4	0.00025451
6,2,3,3,1	0.00025919
6,2,3,3,2	0.00026422
6,2,3,3,3	0.00042023
6,2,3,3,4	0.00023690
6,2,3,4,1	0.00008448
6,2,3,4,2	0.00019232
6,2,3,4,3	0.00018262
6,2,3,4,4	0.00020670
6,2,4,1,1	0.00056007
6,2,4,1,2	0.00036559
6,2,4,1,3	0.00038429
6,2,4,1,4	0.00047523
6,2,4,2,1	0.00113201
6,2,4,2,2	0.00122224
6,2,4,2,3	0.00026350
6,2,4,2,4	0.00134877
6,2,4,3,1	0.00073909
6,2,4,3,2	0.00063988
6,2,4,3,3	0.00095766
6,2,4,3,4	0.00066180
6,2,4,4,1	0.00073011
6,2,4,4,2	0.00097707
6,2,4,4,3	0.00101230
6,2,4,4,4	0.00125495
6,3,1,1,1	0.00044755
6,3,1,1,2	0.00031059
6,3,1,1,3	0.00028255
6,3,1,1,4	0.00043461
6,3,1,2,1	0.00055288
6,3,1,2,2	0.00047559
6,3,1,2,3	0.00013445
6,3,1,2,4	0.00055576
6,3,1,3,1	0.00082141
6,3,1,3,2	0.00056474
6,3,1,3,3	0.00081854
6,3,1,3,4	0.00062406
6,3,1,4,1	0.00040514
6,3,1,4,2	0.00051118
6,3,1,4,3	0.00042527
6,3,1,4,4	0.00075815
6,3,2,1,1	0.00038860
6,3,2,1,2	0.00039615
6,3,2,1,3	0.00029873
6,3,2,1,4	0.00035445
6,3,2,2,1	0.00080200
6,3,2,2,2	0.00099540
6,3,2,2,3	0.00029801
6,3,2,2,4	0.00087534
6,3,2,3,1	0.00097240
6,3,2,3,2	0.00140881
6,3,2,3,3	0.00153966
6,3,2,3,4	0.00096053
6,3,2,4,1	0.00032102
6,3,2,4,2	0.00086096
6,3,2,4,3	0.00063880
6,3,2,4,4	0.00085233
6,3,3,1,1	0.00059063
6,3,3,1,2	0.00033540
6,3,3,1,3	0.00043785
6,3,3,1,4	0.00038357
6,3,3,2,1	0.00065102
6,3,3,2,2	0.00061831
6,3,3,2,3	0.00019340
6,3,3,2,4	0.00061471
6,3,3,3,1	0.00087713
6,3,3,3,2	0.00069883
6,3,3,3,3	0.00113524
6,3,3,3,4	0.00060537
6,3,3,4,1	0.00031706
6,3,3,4,2	0.00049429
6,3,3,4,3	0.00052448
6,3,3,4,4	0.00067726
6,3,4,1,1	0.00042742
6,3,4,1,2	0.00030520
6,3,4,1,3	0.00026278
6,3,4,1,4	0.00036919
6,3,4,2,1	0.00062154
6,3,4,2,2	0.00059422
6,3,4,2,3	0.00013984
6,3,4,2,4	0.00075491
6,3,4,3,1	0.00051765
6,3,4,3,2	0.00047200
6,3,4,3,3	0.00054893
6,3,4,3,4	0.00049896
6,3,4,4,1	0.00051514
6,3,4,4,2	0.00069020
6,3,4,4,3	0.00064707
6,3,4,4,4	0.00102560
6,4,1,1,1	0.00062801
6,4,1,1,2	0.00035409
6,4,1,1,3	0.00034618
6,4,1,1,4	0.00071285
6,4,1,2,1	0.00047883
6,4,1,2,2	0.00034690
6,4,1,2,3	0.00008088
6,4,1,2,4	0.00056439
6,4,1,3,1	0.00052125
6,4,1,3,2	0.00033036
6,4,1,3,3	0.00040765
6,4,1,3,4	0.00057122
6,4,1,4,1	0.00058128
6,4,1,4,2	0.00053311
6,4,1,4,3	0.00050040
6,4,1,4,4	0.00122691
6,4,2,1,1	0.00052161
6,4,2,1,2	0.00048314
6,4,2,1,3	0.00042706
6,4,2,1,4	0.00048853
6,4,2,2,1	0.00089726
6,4,2,2,2	0.00117550
6,4,2,2,3	0.00026997
6,4,2,2,4	0.00115825
6,4,2,3,1	0.00097887
6,4,2,3,2	0.00104429
6,4,2,3,3	0.00113057
6,4,2,3,4	0.00103998
6,4,2,4,1	0.00052952
6,4,2,4,2	0.00126681
6,4,2,4,3	0.00088289
6,4,2,4,4	0.00122835
6,4,3,1,1	0.00071896
6,4,3,1,2	0.00045402
6,4,3,1,3	0.00053023
6,4,3,1,4	0.00064563
6,4,3,2,1	0.00077252
6,4,3,2,2	0.00079409
6,4,3,2,3	0.00018118
6,4,3,2,4	0.00090086
6,4,3,3,1	0.00084730
6,4,3,3,2	0.00075167
6,4,3,3,3	0.00100691
6,4,3,3,4	0.00100295
6,4,3,4,1	0.00054246
6,4,3,4,2	0.00072795
6,4,3,4,3	0.00079913
6,4,3,4,4	0.00115681
6,4,4,1,1	0.00117191
6,4,4,1,2	0.00057589
6,4,4,1,3	0.00063089
6,4,4,1,4	0.00108779
6,4,4,2,1	0.00113452
6,4,4,2,2	0.00109318
6,4,4,2,3	0.00015458
6,4,4,2,4	0.00157273
6,4,4,3,1	0.00094508
6,4,4,3,2	0.00076462
6,4,4,3,3	0.00095694
6,4,4,3,4	0.00107125
6,4,4,4,1	0.00134769
6,4,4,4,2	0.00139083
6,4,4,4,3	0.00117442
6,4,4,4,4	0.00242973
